<Phenotype>
taxa	data	data	data	data	data	data	data	data	data	data	data	data	data	data	data	data	data	data	data	data	data	data	data	data	data	data	data	data	data	data	data	data	data	data	data	data	data	data	data	data	
Taxa	pc14	pc35	pc36	pc38	pc39	pc40	pc45	pc46	pc48	pc50	pc51	pc52	pc53	pc54	pc55	pc56	pc57	pc58	pc59	pc60	pc61	pc62	pc63	pc64	pc67	pc68	pc70	pc71	pc91	pc94	pc96	marvelous	h548	iab605xsel	wix4361_9	tam_o_405	belle	hi_fi	leggett	stainless
15FL1-2	1	0	1	1	1	1	0	0	0	0	1	0	0	0	1	1	1	0	0	1	1	0	0	1	1	0	0	1	0	0	1	1	0	0	0	0	0	0	0	0
15Fl1-4	0	0	1	1	1	0	0	1	0	0	1	0	0	0	1	1	1	0	1	0	0	0	0	0	0	0	1	1	1	0	0	1	0	0	1	0	0	1	0	0
15MN10-4	1	0	1	1	1	1	1	1	1	0	1	1	0	0	1	1	1	0	1	1	1	1	0	1	0	1	0	1	1	0	0	1	0	1	1	1	1	1	0	1
15MN10-5	1	0	1	1	1	0	0	0	0	0	1	0	0	0	1	1	1	0	0	1	1	0	1	1	1	0	0	1	0	0	1	1	0	0	0	0	0	0	0	0
15MN13-4	1	0	1	1	1	0	1	1	0	0	0	0	0	0	1	1	1	0	0	0	0	0	0	0	0	0	0	1	0	0	0	1	0	1	0	0	0	0	0	0
15MN14-4	0	1	1	1	1	0	1	0	0	0	1	0	1	0	1	1	1	0	0	0	0	0	0	0	1	1	1	1	0	0	0	1	0	1	0	0	0	0	0	0
15MN15-3	1	0	1	1	1	1	1	0	1	0	1	1	0	0	1	1	1	0	1	1	1	0	1	1	0	1	1	1	1	0	1	1	1	1	1	0	0	1	1	1
15MN16-3	1	0	1	1	1	1	0	1	1	0	1	1	0	1	1	1	1	0	1	0	1	0	1	0	1	0	0	1	1	0	0	1	1	0	1	1	1	1	0	0
15MN17-5	1	0	1	1	1	1	0	0	0	0	1	0	0	0	1	1	1	0	0	1	1	1	1	1	1	0	0	1	0	0	1	1	0	0	0	0	0	0	0	0
15MN18-1	1	0	1	1	1	0	1	0	0	1	1	1	1	0	1	1	1	0	1	1	0	0	0	0	1	1	1	1	1	0	0	1	1	1	1	0	1	0	0	0
15MN18-3	1	0	1	1	1	1	1	0	1	1	1	1	0	0	1	1	1	0	1	1	1	0	0	0	0	1	0	1	1	1	0	1	0	1	1	1	1	1	0	1
15MN23-1	1	1	1	1	1	1	1	1	1	1	1	1	1	0	1	1	1	0	1	1	1	0	0	1	0	1	1	1	0	0	0	1	0	1	1	1	1	0	0	1
15MN24-1	1	1	1	1	1	1	1	0	1	0	1	1	0	0	1	1	1	0	1	1	1	0	0	0	0	0	1	1	1	0	0	1	0	1	1	0	1	1	0	1
15MN25-3	1	0	1	1	1	0	0	0	1	0	1	1	1	0	1	1	1	0	1	0	1	0	1	0	0	1	0	1	0	0	0	1	0	0	1	0	1	0	0	1
15MN27-3	1	1	1	1	1	1	1	0	1	0	1	1	0	0	1	1	1	0	1	1	1	0	1	0	1	1	1	1	0	0	0	1	0	1	1	1	1	0	0	0
15MS7-1	0	0	1	1	1	0	1	1	1	0	1	1	0	0	1	1	1	0	1	0	1	0	0	0	0	1	0	1	1	0	0	1	0	1	1	0	0	1	0	0
15ND19-2	1	0	1	1	1	1	1	0	0	1	0	0	0	0	1	1	0	0	0	0	0	0	0	0	1	0	1	1	0	0	0	1	0	1	0	0	0	0	0	0
15ND19-5	1	0	1	1	1	1	0	1	0	0	0	0	0	0	1	1	0	0	0	0	0	0	1	0	0	0	1	1	0	0	0	1	0	0	0	0	0	0	0	0
15ND20-3	1	0	1	1	1	1	1	0	0	1	0	0	1	0	1	1	0	0	0	0	0	0	1	0	0	0	0	1	0	0	0	1	0	1	0	0	0	0	0	0
15ND20-4	1	0	1	1	1	1	0	1	0	0	0	0	0	0	1	1	0	0	0	0	0	0	0	0	0	0	1	1	0	0	0	1	0	0	0	0	0	0	0	0
15NE8-4	1	0	1	1	1	1	0	1	0	0	0	0	1	0	1	1	1	0	0	1	1	0	0	1	1	0	1	1	0	0	0	1	0	0	0	0	0	0	0	0
15NE8-5	1	0	1	1	1	1	0	1	0	0	0	0	0	0	1	1	1	0	0	1	1	0	1	1	1	0	0	1	0	0	0	1	0	0	0	0	0	0	0	0
15NE9-1	1	0	1	1	1	1	0	0	0	0	1	0	0	0	1	1	0	0	0	1	1	0	0	1	1	0	0	1	0	0	1	1	0	0	1	0	0	0	0	0
15NE9-3	1	0	1	1	1	1	0	0	0	0	1	0	0	0	1	1	1	0	0	1	1	1	0	1	1	0	1	1	0	0	1	1	0	0	0	0	0	0	0	0
15OH12-3	1	0	1	1	1	1	0	1	1	0	0	1	1	0	1	1	1	0	0	0	1	0	1	0	1	0	0	1	0	0	0	0	0	0	0	0	0	0	0	0
15SD11-1	1	1	1	1	1	1	1	1	1	0	1	1	0	0	1	1	1	0	1	1	1	0	1	0	1	1	1	1	1	0	0	1	0	1	1	0	0	1	0	0
15SD11-2	0	1	1	1	1	0	0	1	1	0	1	1	0	0	1	1	1	0	1	0	0	0	1	0	0	1	1	1	1	0	0	1	0	0	1	0	0	1	0	0
15SD30-1	1	0	1	1	1	1	0	0	0	0	1	0	0	0	1	1	0	0	0	1	1	0	0	1	1	0	0	1	0	0	1	1	0	0	0	0	0	0	0	0
15SD30-3	1	0	1	1	1	1	0	0	0	0	1	0	0	0	1	1	1	0	0	1	1	1	1	1	1	0	0	1	0	0	1	1	0	0	0	0	0	0	0	0
15TX3-1	1	0	1	1	1	1	0	0	0	0	1	0	1	0	1	1	0	0	0	1	1	1	1	1	1	0	0	1	0	0	1	1	0	0	0	0	0	0	0	0
16IL75-3	1	1	1	1	1	1	0	0	0	0	1	0	0	0	1	1	1	0	1	1	1	0	1	0	1	0	1	1	0	0	0	1	0	0	1	1	0	0	0	0
16MN100-2	1	1	1	1	1	1	0	0	1	0	1	1	0	1	1	1	1	0	1	1	0	0	0	0	1	1	1	1	1	1	0	1	1	0	1	1	0	1	1	1
16MN101-1	1	1	1	1	1	1	1	0	1	0	1	1	1	0	1	1	1	0	1	1	1	0	0	1	0	0	1	1	1	0	0	1	0	1	1	1	0	1	0	0
16MN102-1	1	0	1	1	1	1	1	1	1	1	1	1	0	0	1	1	1	0	1	1	1	0	0	0	1	0	0	1	1	0	0	1	1	1	1	1	1	1	0	1
16MN102-3	0	1	1	1	1	0	1	1	1	0	1	1	1	1	1	1	1	0	1	1	0	0	1	0	1	0	1	1	1	0	0	1	0	1	1	0	0	1	0	0
16MN105-1	1	0	1	1	1	0	1	1	1	1	1	1	0	0	1	1	1	0	1	0	1	0	0	0	1	0	1	1	1	0	0	1	0	1	1	0	0	1	0	0
16MN106-3	1	0	1	1	1	0	1	1	1	1	1	1	0	0	1	1	1	0	1	1	1	0	0	0	0	1	1	1	1	0	1	1	1	1	1	0	1	1	0	1
16MN107-1	1	0	1	1	1	1	1	0	1	0	1	1	0	0	0	0	1	0	1	1	1	0	0	0	0	1	1	1	1	1	0	1	0	1	1	1	1	1	1	1
16MN107-3	1	0	1	1	1	0	0	1	1	0	1	1	0	0	0	1	1	0	1	0	0	0	0	0	0	0	1	1	1	1	0	1	1	0	1	0	1	1	1	1
16MN110-1	1	0	1	1	1	0	1	0	1	1	1	1	0	0	1	1	1	0	0	1	1	1	0	1	0	0	1	1	1	1	0	1	0	1	0	0	0	0	0	0
16MN110-2	1	0	1	1	1	1	0	0	0	1	1	1	0	0	1	1	1	0	0	1	1	1	0	1	1	0	1	1	1	1	0	1	0	1	0	0	0	1	0	0
16MN118-2	0	0	1	1	1	0	1	0	1	0	0	0	0	0	1	1	0	0	0	0	0	0	0	0	1	0	1	0	1	0	0	1	0	0	0	0	0	0	0	0
16MN119-1	0	1	1	1	1	0	1	0	1	0	1	1	0	1	1	1	1	0	1	0	0	1	1	1	0	1	1	1	1	0	0	1	0	1	1	0	0	1	0	0
16MN121-2	0	0	1	1	1	0	1	1	1	0	1	1	0	0	1	1	1	0	0	0	0	0	0	0	0	1	1	1	1	0	0	1	0	1	0	0	0	1	0	0
16MN84-1	1	1	1	1	1	1	1	1	1	0	1	1	1	0	1	1	1	0	1	1	1	0	0	0	0	1	1	1	1	1	0	1	0	1	1	1	1	0	0	1
16MN85-1	1	1	1	1	1	1	0	1	1	0	1	1	1	1	1	1	1	0	1	1	1	1	1	1	1	1	1	1	1	0	0	1	0	0	1	0	1	1	0	1
16MN88-3	1	1	1	0	1	1	1	1	1	1	1	1	1	0	0	1	1	0	1	1	1	1	1	1	0	0	1	1	1	0	1	1	0	1	1	0	1	1	0	0
16MN90-2	1	1	1	0	1	0	1	1	1	0	1	1	1	0	1	1	1	0	1	0	1	0	1	0	0	1	1	1	1	0	0	1	0	1	1	0	1	1	0	1
16MN93-1	1	1	1	1	1	0	1	0	1	0	1	1	1	1	1	1	1	0	1	1	1	0	0	0	0	1	1	1	1	0	0	1	1	1	1	0	0	0	0	0
16MN93-2	1	1	1	1	1	1	1	1	1	0	1	1	1	1	1	1	1	0	1	1	1	0	0	1	1	1	1	1	1	0	1	1	1	1	1	0	1	1	0	0
16MN94-1	0	0	1	1	1	0	1	1	1	1	1	1	0	0	1	1	1	0	1	1	0	0	0	0	0	1	1	1	1	1	0	1	0	1	1	0	0	1	0	0
16MN94-2	1	0	1	1	1	0	0	0	1	0	1	1	0	0	1	1	1	0	0	1	1	1	0	1	0	1	1	1	1	1	1	1	0	0	1	0	1	1	1	1
16MN98-2	1	1	1	1	1	1	1	0	1	1	1	1	1	0	1	1	1	0	1	1	1	0	0	0	1	1	1	1	1	0	0	1	0	1	1	1	1	1	0	0
16MN98-3	1	0	1	1	1	1	0	1	1	0	1	1	0	0	1	1	1	0	1	1	1	0	1	0	0	1	0	1	1	0	0	1	0	0	1	0	1	1	0	0
16MN99-1	1	1	1	1	1	1	1	1	1	0	1	1	0	0	1	1	1	0	1	0	1	0	0	0	1	1	1	1	1	0	0	1	0	1	1	0	0	0	0	0
16MN99-2	1	1	1	1	1	0	0	0	1	0	1	1	0	0	1	1	1	0	1	0	0	0	0	0	1	1	0	1	1	0	0	1	1	0	1	0	1	1	0	0
16MN99-3	0	0	1	1	1	0	1	0	1	0	1	1	1	0	0	0	1	0	1	0	0	0	0	0	0	0	1	1	1	0	0	1	0	1	1	1	0	0	0	0
16SD69-1	0	0	1	1	1	0	1	1	0	0	1	0	0	0	1	1	1	0	1	0	0	0	1	0	1	1	1	1	1	0	0	1	0	1	0	0	0	1	0	0
16SD74-2	0	1	1	1	1	0	1	0	1	0	1	1	1	0	1	1	0	0	1	0	0	0	1	0	0	1	1	1	1	0	0	1	0	1	1	0	0	1	0	0
16WI76-1	0	0	1	1	1	0	1	1	1	0	1	1	1	0	1	1	1	0	1	1	1	0	1	0	1	1	1	1	1	0	0	1	0	1	1	0	0	1	0	0
17AR69-3	1	1	1	1	1	1	0	0	0	0	0	0	1	0	1	1	1	0	0	0	0	0	0	0	1	0	1	1	0	0	1	1	0	0	0	0	0	0	0	0
17FL20-1	1	1	1	1	1	1	0	0	0	0	1	0	1	0	0	1	1	0	0	1	1	1	0	1	1	0	1	1	0	0	1	1	0	0	0	0	0	0	0	0
17FL20-2	1	1	1	1	1	1	0	0	0	0	1	0	1	0	1	1	1	0	0	1	1	1	0	1	1	0	0	1	0	0	1	1	0	0	0	0	0	0	0	0
17FL20-3	1	0	1	1	1	0	0	0	0	0	1	0	0	0	1	1	1	0	0	1	1	0	0	1	1	0	1	1	0	0	0	1	0	0	0	0	0	0	0	0
17FL21-2	1	1	1	1	1	1	0	0	0	0	1	0	1	0	1	1	1	0	1	0	0	0	0	0	1	0	1	1	0	0	1	1	0	0	1	1	1	0	0	1
17FL22-2	1	1	1	1	1	1	0	0	0	0	1	0	0	0	1	1	1	0	1	0	0	0	0	0	1	1	1	1	0	0	1	1	0	0	1	1	1	0	0	1
17FL23-1	1	1	1	1	1	1	1	1	0	0	1	0	0	0	1	1	1	0	1	0	0	0	0	0	1	0	1	1	0	0	0	1	0	0	1	1	1	0	0	1
17FL23-2	1	1	1	1	1	1	0	0	0	0	1	0	0	0	1	1	1	0	1	0	0	0	0	0	1	0	1	1	0	0	0	1	0	0	1	1	1	0	0	1
17IA105-1	0	0	1	1	1	0	1	0	0	0	1	1	1	0	1	1	1	0	1	0	0	0	0	0	0	1	1	1	1	0	0	1	0	1	1	0	0	1	0	0
17IA106-3	0	0	1	1	1	0	1	0	1	0	1	1	0	0	1	1	1	0	1	0	0	0	1	0	1	1	1	1	1	0	0	1	0	1	1	0	0	1	0	0
17IA108-2	0	0	1	1	1	0	0	1	1	0	1	1	0	0	1	1	1	0	1	0	0	0	1	0	1	1	0	1	1	0	0	1	0	1	1	0	0	1	0	0
17IA109-3	0	0	1	1	1	0	1	0	1	0	1	1	0	0	1	1	1	0	1	0	0	0	1	0	0	1	1	1	1	0	0	1	0	1	1	0	0	1	0	0
17IA111-3	0	0	1	1	1	0	1	1	0	0	1	0	1	0	1	1	1	0	1	0	0	0	1	0	1	1	1	1	1	0	0	1	0	1	1	0	0	1	0	0
17IA116-1	0	1	1	1	0	0	1	0	0	0	0	1	0	0	1	1	1	0	1	0	0	0	0	0	0	1	1	1	1	0	0	1	1	0	1	1	1	0	0	1
17IL75-3	1	0	1	1	1	1	0	0	0	1	1	0	0	0	1	1	1	0	1	0	0	0	0	0	1	0	0	1	0	0	0	1	0	0	0	0	1	0	0	0
17IL76-1	1	0	1	1	1	1	0	0	0	0	1	0	0	1	1	1	1	0	1	1	1	0	0	0	1	0	1	1	0	0	1	1	1	0	1	1	1	0	0	1
17IL76-3	1	0	1	1	1	1	0	1	0	0	1	0	1	1	1	1	1	0	1	1	1	0	0	0	1	0	1	1	0	0	0	1	1	0	1	1	1	0	0	1
17LA48-2	1	1	1	1	1	1	0	0	0	0	1	0	0	0	1	1	1	0	1	0	1	0	1	1	1	0	1	1	0	0	0	1	0	0	1	0	0	0	0	0
17LA49-3	1	0	1	1	1	1	0	0	0	0	1	0	0	1	1	1	1	0	1	1	1	0	0	0	1	0	0	1	0	0	0	1	0	0	1	1	1	0	0	1
17LA50-2	0	0	0	0	0	0	1	1	0	0	0	0	0	1	0	0	1	0	0	0	0	0	0	0	1	0	1	0	0	0	0	1	1	1	0	0	0	0	0	0
17LA50-3	0	0	1	0	0	0	1	0	0	0	0	0	0	1	0	0	1	0	0	0	0	0	0	0	1	0	0	0	0	0	0	1	0	1	0	0	0	0	0	0
17LA67-2	1	0	1	1	1	1	0	0	0	0	1	0	0	0	1	1	1	0	0	0	1	0	0	0	1	0	0	1	0	0	1	1	0	0	0	0	0	0	0	0
17MN145-1	0	0	1	1	1	0	1	0	0	0	1	0	1	0	1	1	1	0	1	0	0	0	0	0	1	1	0	1	1	0	0	1	0	1	1	0	0	1	0	0
17MN145-2	1	0	1	1	0	0	1	1	0	0	1	1	1	0	1	0	0	0	1	0	0	0	1	1	0	1	0	1	1	0	0	1	0	1	1	0	0	1	0	0
17MN146-1	0	1	1	1	1	0	1	0	0	0	1	1	1	0	1	0	1	0	1	0	0	0	0	0	1	1	1	1	1	0	0	1	1	1	1	0	0	1	0	0
17MN146-2	1	0	1	1	0	0	1	0	0	0	1	0	0	0	1	0	1	0	0	0	0	0	0	0	0	0	0	1	1	0	0	1	0	1	0	0	0	1	0	0
17MN150-1	0	1	1	1	1	0	1	0	1	0	1	1	1	0	1	1	1	0	1	0	1	0	1	0	0	1	1	1	1	0	0	1	0	1	1	0	0	1	0	0
17MN150-2	0	0	1	0	1	0	1	0	1	0	1	1	0	0	1	1	1	0	1	0	0	0	1	0	0	1	1	1	1	0	0	1	0	1	1	0	0	1	0	0
17MN78-2	1	1	1	1	1	1	1	0	0	0	1	0	0	0	1	1	1	0	1	1	1	0	0	0	1	1	1	1	1	0	0	1	0	1	1	0	0	1	0	0
17MNBT-10	1	0	1	1	1	1	1	0	1	0	1	1	1	0	1	1	1	0	1	0	1	0	0	0	1	1	1	1	1	0	1	1	0	1	1	0	1	1	0	1
17MNBT-11	1	1	1	1	1	0	0	0	1	0	1	1	1	0	1	1	1	0	1	0	1	1	0	1	0	1	1	1	0	0	1	1	0	1	1	0	1	1	0	1
17MNBT-12	1	0	1	1	1	1	1	0	1	0	1	1	1	0	1	1	1	0	1	1	1	0	0	0	0	1	1	1	1	0	0	1	0	1	0	1	0	1	0	0
17MNBT-13	1	0	1	1	1	0	1	1	1	0	1	1	1	0	1	1	1	0	1	1	1	1	0	1	0	1	1	1	1	0	1	1	0	1	1	0	1	1	0	1
17MNBT-14	1	1	1	1	1	1	0	0	1	0	1	1	1	0	1	0	1	0	1	0	0	0	0	0	0	0	1	1	1	0	1	1	0	0	1	1	0	1	0	0
17MNBT-15	0	1	1	1	1	1	0	0	1	1	1	1	0	0	1	1	1	0	1	1	0	0	0	1	1	0	1	1	1	0	0	1	0	0	1	1	1	1	0	1
17MNBT-16	1	0	1	1	0	0	0	0	0	1	1	1	1	0	1	1	1	0	1	1	0	0	0	1	0	0	0	0	1	1	0	1	0	0	0	0	1	1	0	1
17MNBT-17	1	0	1	1	1	1	0	0	0	0	1	1	1	0	1	1	1	0	0	0	0	0	0	0	0	1	1	1	0	0	1	1	0	0	1	1	1	0	0	1
17MNBT-18	0	0	1	1	1	1	1	0	1	0	1	1	1	0	1	0	1	0	1	1	1	1	1	1	0	1	1	1	1	0	1	1	0	1	1	0	1	1	0	1
17MNBT-19	1	1	1	1	1	0	1	1	1	0	1	1	1	0	1	1	1	0	1	0	0	0	0	0	0	0	1	1	1	0	0	1	0	1	1	0	1	1	0	1
17MNBT-2	1	1	1	1	0	0	1	0	1	0	1	1	1	0	1	1	1	0	1	1	1	1	1	1	1	1	1	1	1	0	0	1	0	1	1	0	1	1	0	1
17MNBT-20	0	0	1	1	1	1	1	1	1	0	0	1	1	0	1	1	1	0	1	1	1	0	0	0	0	1	0	1	0	0	0	1	0	1	0	0	1	1	0	1
17MNBT-21	1	1	1	1	1	0	1	1	1	1	1	1	1	0	1	1	1	0	1	1	0	1	1	1	0	1	1	1	1	0	0	1	0	1	0	0	0	0	0	1
17MNBT-23	1	0	1	1	1	1	0	1	0	0	1	1	0	1	1	1	0	0	0	0	1	0	0	0	0	1	1	0	1	0	0	1	0	0	1	0	0	1	0	1
17MNBT-24	1	1	1	1	1	1	1	0	1	0	1	1	1	0	1	1	1	0	1	1	1	1	0	1	0	1	1	1	1	0	1	1	1	1	1	0	1	1	0	0
17MNBT-3	1	0	1	1	1	0	0	0	0	1	1	0	1	0	1	0	1	0	0	0	0	0	0	0	0	0	0	1	0	1	0	1	0	1	1	0	1	1	0	0
17MNBT-4	1	0	1	1	1	1	1	1	1	0	1	1	1	0	1	1	1	0	0	1	0	0	0	1	0	0	0	1	0	0	0	1	0	0	0	0	0	0	0	0
17MNBT-5	1	0	1	1	0	0	1	0	1	0	1	1	1	0	1	0	0	0	0	1	1	0	0	1	0	1	1	1	1	0	0	1	0	1	0	1	0	1	0	1
17MNBT-6	1	0	1	1	1	0	0	0	0	0	0	1	0	0	0	1	1	0	0	0	1	0	0	0	0	0	0	1	0	0	0	1	0	0	0	0	0	0	0	1
17MNBT-7	1	0	1	1	0	0	1	0	1	0	1	0	1	0	1	1	1	0	1	1	1	0	0	0	0	0	1	1	1	0	1	1	0	0	1	1	1	1	0	1
17MNBT-8	1	0	1	1	0	1	0	1	1	1	1	1	1	0	1	1	1	0	1	1	1	0	0	1	0	0	1	1	0	0	0	1	0	0	0	1	1	0	0	1
17MNBT-9	1	0	1	1	0	0	0	0	0	0	0	0	1	0	1	1	0	0	0	1	0	0	1	0	0	1	1	0	1	0	0	1	0	0	0	0	0	0	0	1
17MS65-1	1	0	1	1	1	1	0	1	0	0	1	0	0	1	1	1	1	0	1	1	1	0	0	0	1	0	1	1	0	0	0	1	1	0	1	1	1	0	1	1
17MS65-3	1	0	1	1	1	1	0	0	0	0	1	0	0	1	1	1	1	0	1	1	1	0	0	0	0	0	0	1	0	0	0	1	0	0	1	1	1	0	0	1
17SD126-1	0	0	1	1	1	0	0	1	0	1	1	0	0	0	1	1	1	0	1	0	0	0	0	0	1	0	1	1	1	1	0	1	1	1	1	0	0	1	0	0
17SD126-2	0	0	1	1	1	0	1	0	1	0	1	1	1	0	1	1	1	0	1	0	0	0	0	0	1	0	1	1	1	1	0	1	1	1	1	0	0	1	0	0
17SD126-3	0	0	1	1	1	0	1	1	0	0	0	0	0	0	1	1	1	0	1	0	0	0	0	0	1	1	1	1	1	1	0	1	0	1	0	0	0	0	1	0
17SD129-3	1	0	1	1	1	1	1	0	0	0	1	0	1	0	1	0	1	0	1	0	0	0	0	0	0	1	0	1	0	0	0	1	0	1	1	0	1	0	0	1
17SD132-1	0	1	1	1	1	0	0	0	1	0	1	1	0	0	1	1	1	0	1	0	0	0	1	0	1	1	1	1	1	0	0	1	1	0	1	0	0	1	0	0
17SD133-2	0	0	1	1	1	0	1	0	1	0	1	1	0	0	1	0	1	0	1	0	0	0	0	1	0	1	0	1	1	0	0	1	0	1	1	0	0	1	0	0
17SD79-2	0	0	1	1	1	0	1	0	0	0	1	1	1	0	1	1	1	0	1	0	0	0	0	0	0	1	0	1	1	0	0	1	0	1	1	0	0	1	0	0
17SD80-2	0	0	1	1	1	0	0	1	0	0	1	0	0	0	1	1	1	0	1	0	0	0	0	0	0	0	1	1	1	0	1	1	0	0	1	0	0	1	0	0
17TX1-2	1	0	1	1	1	1	0	1	0	0	1	0	1	1	1	1	1	0	1	1	1	0	0	0	0	0	1	1	0	0	0	1	1	0	1	1	1	0	0	1
17TX12-3	0	0	0	0	0	0	1	0	0	0	0	1	0	1	0	0	1	0	0	1	0	0	0	0	0	0	0	0	0	0	0	1	0	1	0	0	0	0	0	0
17TX15-3	0	0	0	0	0	0	0	0	0	0	0	0	1	1	0	0	0	0	0	1	0	0	0	0	0	0	0	0	0	0	0	1	0	0	0	0	0	0	0	0
17TX44-3	0	0	0	0	0	0	1	0	0	0	0	0	1	1	0	0	1	0	0	0	0	0	0	0	0	0	0	1	0	0	0	1	0	0	0	0	0	0	0	0
17TX59-2	0	0	0	0	0	0	1	0	0	0	0	0	0	1	0	0	1	0	0	0	0	0	0	0	1	0	0	0	0	0	0	1	0	1	0	0	0	0	0	0
17TX62-3	1	0	0	0	0	1	0	0	0	0	1	0	0	0	0	0	1	0	0	1	1	0	0	0	1	0	0	0	0	0	0	1	0	0	0	0	0	0	0	0
17TX9-2	1	1	1	1	1	1	0	1	0	0	1	0	1	0	1	1	1	0	0	1	1	0	0	0	1	0	1	1	0	0	0	1	0	0	0	0	0	0	0	0
18MNBT-34	1	0	1	1	1	0	1	0	0	0	1	1	0	0	1	1	1	0	1	1	1	1	0	1	0	1	1	1	1	0	0	1	0	1	1	1	0	0	0	0
18MNBT-35	1	0	1	1	1	0	0	0	1	0	1	1	0	0	1	1	1	0	1	1	0	0	0	1	0	0	1	1	1	0	0	1	0	1	0	0	0	0	0	0
18MNBT-36	1	1	1	1	1	1	1	0	1	0	1	1	1	0	1	1	1	0	1	1	1	1	0	1	0	1	1	1	1	0	0	1	0	1	1	1	1	1	0	1
18MNBT-37	1	0	0	1	0	0	0	0	0	0	1	0	1	0	1	0	1	0	1	1	1	0	0	0	0	1	1	1	1	1	0	1	0	1	1	1	1	1	1	1
18MNBT-38	1	1	1	1	1	0	0	0	1	0	1	1	1	0	1	1	1	0	0	1	1	0	0	0	0	1	1	1	1	0	0	1	0	0	1	1	1	1	0	1
18MNBT-39	1	1	1	1	1	0	1	0	0	1	1	1	1	0	1	1	1	0	0	1	0	0	0	0	0	0	1	1	0	0	0	1	0	1	0	0	0	0	0	0
18MNBT-40	1	0	1	1	1	0	1	0	1	1	1	1	1	0	1	1	1	0	1	1	0	0	0	0	0	0	1	1	1	0	0	1	1	0	1	0	1	0	0	1
18MNBT-41	1	0	1	1	1	1	0	1	1	0	1	1	0	0	1	1	1	0	1	1	1	0	0	0	0	1	1	1	1	0	0	1	0	0	1	1	0	1	0	0
18MNBT-42	1	0	1	1	1	1	1	1	1	1	1	1	1	0	1	1	1	0	0	1	1	0	0	0	0	0	1	1	1	0	0	1	0	1	1	1	1	1	0	1
18MNBT-43	1	0	1	1	0	1	1	1	1	0	1	1	0	0	1	1	1	0	0	1	1	0	0	0	0	1	1	1	0	0	1	1	0	1	0	1	1	1	0	1
18MNBT-44	0	0	1	0	1	1	1	0	0	0	1	1	1	0	1	1	1	0	0	1	1	1	0	1	0	0	1	1	1	0	0	1	0	1	0	1	0	1	0	0
18MNBT-45	1	1	1	1	1	0	1	0	1	0	1	1	1	0	1	1	0	0	0	0	1	0	1	0	0	0	0	1	1	0	0	1	0	0	0	0	0	0	0	0
18MNBT-46	0	1	1	1	0	0	0	0	1	0	1	1	1	0	1	1	0	0	0	0	0	0	1	0	0	1	1	1	1	0	1	1	0	1	0	0	0	0	0	0
18MNBT-47	1	0	1	1	1	1	0	1	1	0	1	1	0	1	1	1	1	0	1	0	0	0	0	0	1	1	1	1	1	0	0	1	1	1	1	0	0	1	0	0
18MNBT-49	1	0	1	0	0	1	1	0	1	0	1	1	1	0	1	1	1	0	0	1	1	0	0	0	0	1	1	1	1	0	0	1	0	0	0	1	0	0	0	0
18MNBT-50	1	0	1	1	0	1	1	0	1	1	0	1	1	0	1	1	1	0	0	1	1	0	1	0	0	1	0	1	1	0	0	1	0	0	0	0	0	0	0	0
18MNBT-51	0	1	1	0	1	1	1	0	0	1	0	1	0	1	1	1	1	0	1	1	1	0	0	0	0	0	1	1	1	0	0	1	1	1	1	1	1	1	0	1
18MNBT-52	1	0	1	0	1	0	0	0	1	0	1	1	0	0	1	1	1	0	1	0	0	1	0	1	0	0	0	1	0	0	0	1	0	0	1	0	1	0	0	0
18MNBT-53	1	1	1	1	1	1	0	1	1	1	1	1	0	0	1	1	1	0	1	0	1	0	1	0	1	1	1	1	1	0	1	1	0	0	1	0	1	1	0	1
18MNBT-54	1	1	1	1	1	0	1	0	1	1	1	1	1	0	1	1	1	0	1	0	0	0	0	0	0	1	1	1	1	0	0	1	0	1	0	0	1	1	0	1
18MNBT-55	1	0	1	1	0	1	0	0	1	0	1	1	1	0	0	1	1	0	1	1	0	0	0	0	0	0	1	1	0	0	0	1	0	0	1	1	1	1	0	1
18MNBT-56	1	0	1	1	1	1	1	0	1	0	1	1	0	1	1	1	1	0	0	1	1	0	1	1	0	1	1	1	0	0	0	1	1	1	1	1	0	0	0	1
18MNBT-57	1	0	1	1	1	0	0	0	0	1	1	1	0	0	1	0	1	0	1	1	0	0	0	0	0	0	1	1	1	0	1	1	0	0	1	0	1	1	0	1
18MNBT-58	1	0	1	1	0	1	1	0	1	0	1	1	0	0	1	1	1	0	1	1	1	0	0	0	0	1	1	1	1	0	1	1	0	1	1	1	1	1	0	1
90AR100-1	0	1	0	0	0	1	1	1	0	0	0	0	1	0	0	0	0	0	0	0	0	0	0	0	1	0	0	0	0	0	0	1	0	0	0	0	0	0	0	0
90GA16-1	1	0	0	0	0	1	1	0	0	0	0	0	0	1	0	0	0	0	0	0	0	0	0	0	1	0	0	0	0	0	0	1	0	0	0	0	0	0	0	0
90KS101-1	0	0	0	0	0	0	1	0	0	0	0	0	0	0	0	0	0	0	0	0	0	0	0	0	1	0	0	0	0	0	0	1	0	1	0	0	0	0	0	0
90LA38-1	1	0	0	0	0	1	0	0	0	0	0	0	0	0	0	0	1	0	0	0	0	0	0	0	1	0	0	0	0	0	0	1	0	0	0	0	0	0	0	0
90MN137-1	1	1	1	1	0	1	0	1	0	0	1	0	1	0	0	1	0	0	0	0	0	0	0	0	1	0	0	0	0	0	0	1	0	0	0	0	0	0	0	0
90MN13B-3	1	1	1	0	0	1	0	0	0	0	0	0	0	0	0	1	0	0	0	0	0	0	0	0	1	0	0	0	0	0	0	1	0	0	0	0	0	0	0	0
90MN148-1	1	1	0	0	0	1	0	1	0	0	0	0	0	0	0	0	0	0	1	0	0	0	0	0	1	0	0	0	0	0	0	1	0	0	1	0	0	0	0	0
90MN149-2	0	1	0	0	0	1	0	0	0	0	0	0	0	0	0	1	0	0	0	0	0	0	0	0	1	0	0	0	0	0	0	1	0	0	0	0	0	0	0	0
90MN14B-1	1	1	1	1	1	1	0	0	0	0	1	0	0	0	1	1	0	0	0	0	0	0	0	0	1	0	1	1	0	0	0	1	0	0	0	0	0	0	0	0
90MN152-1	0	1	0	0	0	0	0	1	0	0	0	0	0	0	0	1	0	0	0	0	0	0	0	0	1	0	0	0	0	0	0	1	0	0	0	0	0	0	0	0
90MN153-1	0	0	0	0	0	0	1	0	0	0	0	0	0	0	0	0	0	0	0	0	0	0	0	0	1	0	0	0	0	0	0	1	0	1	0	0	0	0	0	0
90MN17B-1	1	1	1	0	0	1	0	0	0	0	1	0	0	0	0	1	0	0	0	0	0	0	0	0	1	0	0	0	0	0	0	1	0	0	0	0	0	0	0	0
90MN1B-1	0	0	0	0	0	0	0	0	0	0	0	0	0	0	0	0	0	0	0	0	0	0	0	0	1	0	0	0	0	0	0	1	0	0	0	0	0	0	0	0
90MN2B-1	0	0	0	0	0	0	0	0	0	0	0	0	0	0	0	0	0	0	0	0	0	0	0	0	1	0	0	0	0	0	0	1	0	0	0	0	0	0	0	0
90MN3B-1	0	0	0	0	0	0	1	0	0	0	0	0	0	0	0	0	0	0	0	0	0	0	0	0	1	0	0	0	0	0	0	1	0	1	0	0	0	0	0	0
90MN5B-1	1	0	0	0	1	1	1	1	0	0	1	0	0	1	1	0	1	0	1	0	1	0	0	0	1	0	1	1	0	0	0	1	1	1	0	1	0	0	0	0
90MN7B-1	1	1	1	1	1	1	0	0	0	0	1	0	0	0	1	1	0	0	0	0	0	0	1	0	1	0	1	1	0	0	0	1	0	0	0	0	0	0	0	0
90MN8B-2	1	1	1	0	0	0	0	0	0	0	0	0	0	0	0	1	0	0	0	0	0	0	0	0	1	0	0	0	0	0	0	1	0	0	0	0	0	0	0	0
90MN9B-4	1	0	0	0	0	1	0	0	0	0	0	0	0	1	0	0	0	0	0	0	0	0	0	0	1	0	0	0	0	0	0	1	0	0	0	0	0	0	0	0
90PA162-1	0	1	1	0	0	0	0	1	0	0	0	0	0	0	0	1	0	0	0	0	0	0	0	0	1	0	0	0	0	0	0	1	0	0	0	0	0	0	0	0
90SD164-1	1	0	0	0	0	1	0	0	0	0	0	0	0	0	0	0	1	0	0	0	0	0	0	0	1	0	0	0	0	0	0	1	0	0	0	0	0	0	0	0
90SD171-1	1	1	0	0	0	1	0	1	0	0	0	0	0	0	0	0	0	0	0	0	0	0	0	0	1	0	0	0	0	0	0	1	0	0	0	0	0	0	0	0
90SD172-1	1	0	0	0	0	1	0	0	0	0	0	0	0	0	0	0	1	0	0	0	0	0	0	0	1	0	0	0	0	0	0	1	0	0	0	0	0	0	0	0
90TX45-1	1	0	0	1	1	1	0	0	0	0	0	0	0	0	1	0	0	0	0	0	0	1	1	1	1	0	1	1	0	0	0	1	0	0	0	0	0	0	0	0
90TX47-1	1	1	1	0	0	1	0	0	0	0	0	0	0	0	0	1	0	0	0	1	0	0	0	0	1	0	0	0	0	0	0	1	0	0	0	0	0	0	0	0
90TX52-1	0	0	0	0	0	0	1	0	0	0	0	0	0	1	0	0	0	0	0	0	0	0	0	0	1	0	0	0	0	0	0	1	0	1	0	0	0	0	0	0
90TX58-1	0	0	0	0	0	0	1	0	0	0	0	0	0	1	0	0	0	0	0	0	0	0	0	0	1	0	0	0	0	0	0	1	0	1	0	0	0	0	0	0
90TX70-1	1	0	0	0	0	1	0	0	0	0	0	0	0	1	0	0	0	0	0	0	0	0	0	0	1	0	0	0	0	0	0	1	0	0	0	0	0	0	0	0
90WI131-1	1	0	1	0	0	0	0	0	0	0	0	0	0	0	0	1	0	0	1	0	0	0	0	0	1	0	0	0	0	0	0	1	0	0	1	0	0	0	0	0
90WI132-1	1	0	1	0	0	0	0	1	0	0	0	0	0	0	0	1	0	0	1	0	0	0	0	0	1	0	0	0	0	0	0	1	0	0	1	0	0	0	0	0
