<Phenotype>
taxa	data	data	data	data	data	data	data	data	data	data	data	data	data	data	data	data	data	data	data	data	data	data	data	data	data	data	data	data	data	data	data	data	data	data	data	data	data	data	data	data	
Taxa	pc14	pc35	pc36	pc38	pc39	pc40	pc45	pc46	pc48	pc50	pc51	pc52	pc53	pc54	pc55	pc56	pc57	pc58	pc59	pc60	pc61	pc62	pc63	pc64	pc67	pc68	pc70	pc71	pc91	pc94	pc96	marvelous	h548	iab605xsel	wix4361_9	tam_o_405	belle	hi_fi	leggett	stainless
15FL1-2	9	2	9	9	9	8.5	2	4.5	1	0	9	1	0	3.5	9	9	9	1	5	9	9	7	7	9	9	1	3.5	9	5	1	9	9	5	2	5.5	0	1	3.5	2.5	3.5
15Fl1-4	1	2	9	9	9	3.5	5.5	8	1	0	9	1	5	6	9	9	9	2	9	5.5	5.5	3.5	7	2	5.5	1	7.5	9	9	3.5	1	9	6.5	5	9	1	0	9	1	1
15MN10-4	9	3	9	9	9	8	8	8.5	9	0	9	9	0	6	8	8	8	1	9	8	8	9	7	9	6	8	5.5	8.5	8	1	1	9	6	9	9	9	8	8	7	8
15MN10-5	9	2	9	9	9	6.5	3	5.5	2	1	9	1	1	5.5	9	9	9	3.5	6.5	9	9	6.5	9	9	8.5	2	6	9	5	2	9	9	4	2	6.5	1	3	4	1	2
15MN13-4	9	2	9	9	9	6.5	9	8	5.5	0	2	2	0	5.5	9	9	9	2	6.5	7	7	5.5	7	5.5	7	2	6.5	9	2	2	0	9	5.5	9	6.5	1	1	2	1	1
15MN14-4	3.5	9	9	9	9	3.5	9	5.5	2	1	9	2	8.5	5	9	9	9	6	6.5	6.5	7	3.5	7	3.5	9	9	9	9	2	3.5	2	9	5.5	9	5.5	1	1	2	0.5	1
15MN15-3	9	2.5	9	8	8	8	8	5.5	7.5	1	9	8	5.5	7	9	8	9	0.5	9	8	9	6	8	7.5	7	9	9	9	9	3.5	9	9	8.5	9	9	0	1.5	9	8	9
15MN16-3	9	1	8	9	9	9	1	9	9	0	9	9	0	9	9	9	9	2	9	7	8.5	2	8	3.5	8	7	5.5	9	9	5	0	9	9	0	9	9	8.5	9	2	7
15MN17-5	9	2	9	9	9	9	3.5	4	2	0	9	1.5	1	3.5	8	8	9	1	7	9	9	9	8	9	9	0	1	9	6	2	9	9	5.5	3.5	7	1	3.5	5.5	2	2
15MN18-1	9	1	9	9	9	6.5	8	7	6.5	9	9	9	9	7	9	9	9	1	8	7.5	7	6	6.5	7	8	9	9	9	9	1	2.5	8	9	9	8.5	6.5	8	1	2	0
15MN18-3	9	1.5	9	9	9	9	9	6.5	9	9	8	9	5.5	3.5	9	8	8	3.5	9	8	7.5	6.5	6.5	2.5	7	9	6.5	8	9	8	1	9	4	9	9	8	8	9	1.5	8
15MN23-1	9	9	9	9	8.5	8.5	9	9	9	9	9	9	8	5	9	9	9	6	9	9	9	7	7	8.5	6	9	9	9	5	2	2	9	5.5	9	9	9	8.5	5.5	2	8
15MN24-1	9	9	9	9	9	9	8	7	8	2	8	9	7	6.5	9	9	9	6	9	9	9	2	7	5	4	2.5	8	9	9	5.5	3.5	9	6	9	8	3.5	9	9	2	8
15MN25-3	9	3	9	9	9	6	6.5	7	9	1	9	9	7.5	5	9	9	9	2	8	7	9	3.5	8	3.5	6	9	6	9	6	2	1	9	4	5.5	9	1	9	6	2	9
15MN27-3	9	9	9	8.5	9	9	9	6	9	0	9	8	7	5.5	9	9	7.5	6	9	9	9	5.5	8	6.5	7.5	8	9	9	5	1	1	9	4.5	9	9	9	9	4	1	4.5
15MS7-1	0	3.5	9	9	9	4.5	9	8	9	0	9	9	0	6	9	9	9	1.5	9	6.5	8	3.5	7	4	6	9	6.5	9	9	2	0	9	3.5	9	8	0	1	8	5.5	6.5
15ND19-2	8	5.5	9	8	9	8	8	6.5	2	9	2	1	2	4	9	9	6	3.5	5.5	7	4	5	7	6.5	7.5	1	9	9	2	1	2	9	5	9	5.5	0	0	3.5	3.5	0
15ND19-5	8	6	9	9	8	9	2.5	8	1	1	2.5	1	2	5.5	8	9	5.5	3.5	5.5	6.5	4	4	8	4	6.5	1	9	9	4	2	2	9	5.5	2	6	0	2	2	1	0
15ND20-3	9	2.5	9	9	9	8	9	6	3	8	2.5	2	7.5	5.5	9	9	5.5	2	5.5	6	5.5	5.5	8	6	6.5	3	4.5	9	1	2	2	9	5.5	9	5.5	1	3	4	1	2
15ND20-4	9	5.5	9	9	8	9	4	8	2	1	2	1	2	5.5	9	9	6	5.5	6	7	6	3.5	7	3.5	6.5	4	9	9	2.5	2	2	9	5.5	2	6	1	2	3.5	2.5	1
15NE8-4	9	2	9	9	7.5	8.5	5.5	8	5	0.5	2	1	9	6	9	9	9	2	5.5	9	8	7	7	8	9	2	8	9	4	1	6.5	9	6	3.5	5.5	2	3	4	1	1
15NE8-5	9	1.5	9	9	9	9	6	8	2	0	2	2	2	7	9	9	9	1	6	9	9	7	9	9	9	2	3.5	9	5	2	1	9	7	5.5	6	2	2	3.5	2	2
15NE9-1	9	1	9	9	9	8	3.5	5	0.5	0	9	0.5	0	5	8	8	5.5	2	7	8	8	7	7	8	9	1	5	8	5.5	3.5	9	8	4	2	8	1.5	2	5	2.5	2
15NE9-3	9	1	9	8	8	8	6	5	0.5	0	9	0.5	6.5	3.5	9	9	9	1.5	6.5	9	9	8	7	9	9	0	7.5	9	5	3.5	8	9	5.5	2	6.5	0	5	5	0	2.5
15OH12-3	9	0	9	9	9	9	1	9	9	1	2	9	8	3.5	9	9	9	2	3.5	7	8	1	8	2	8	2	6.5	8	3.5	2	1	7	6	2.5	2	3.5	2	2	2	1
15SD11-1	9	9	9	9	9	8	9	9	9	0	9	9	5.5	5.5	9	9	9	5.5	9	8	8	5	9	5.5	9	9	8	9	8	5	1	9	6.5	9	9	0	3	9	5	1.5
15SD11-2	2	8	8	9	9	3.5	5.5	8	8	6	8	8	5.5	5.5	8	8	9	7	9	6	7	5.5	8	6	6	8	9	9	9	2.5	1.5	9	5	5.5	9	0	0	8	4	0
15SD30-1	9	2	9	9	9	8	3.5	5.5	1	1	9	0	2	4	8	8	7	2	6.5	9	9	7	7	8	9	0	5.5	9	5	2	9	9	5.5	2	6	1	2	4	0	1
15SD30-3	9	2	9	9	8	9	3.5	5.5	2	2.5	9	1	2.5	3.5	9	9	9	2	6.5	9	9	9	9	9	9	1	3.5	9	5	2	9	9	5.5	2	7	2	2	4	0	2
15TX3-1	9	2	9	9	9	9	2	5	1	0	9	0	9	3.5	9	9	4	1	7	9	9	8	9	9	9	1	6.5	9	5	1	8	9	5	2	7	2	2	3.5	1	2
16IL75-3	9	9	9	9	9	9	0	7	2	1	9	1	4.5	6.5	9	9	9	6.5	9	9	9	5.5	7.5	7	8	0	9	9	2	2	1	9	5	2	8	9	4	2	3	5.5
16MN100-2	9	9	9	9	9	8	3.5	6.5	8	2	9	9	5.5	8	9	9	9	5.5	9	7.5	6.5	2	7	2	7.5	9	9	9	9	9	5.5	9	8	2	8	9	4.5	8	9	9
16MN101-1	9	9	9	9	9	9	9	7	9	0	9	9	8	2	9	9	9	6.5	9	9	9	6.5	7	9	6.5	7	9	9	9	2	2	9	5.5	9	9	9	2	9	1	5.5
16MN102-1	9	1	9	9	9	9	9	9	9	9	9	9	5.5	5.5	8	8	9	0	8	9	9	3.5	7	6.5	8	7	4	9	9	2	5.5	9	9	9	9	9	9	9	2.5	8
16MN102-3	2	9	9	9	9	2	9	8	9	0	9	8	9	8	9	9	9	6.5	9	8	7	2	8	5	7.5	7	9	9	9	4	1	9	6.5	9	9	6.5	1	9	3.5	6.5
16MN105-1	9	2	9	9	8	4	9	8	9	7.5	9	9	4.5	4	8	9	9	1	9	6.5	8	5	7	6	7.5	1	7.5	9	9	5	1	9	5.5	9	9	6	1	9	0	3.5
16MN106-3	9	2	9	9	8	6.5	8	8	8	9	9	9	4.5	6	9	9	8.5	2	9	9	8	3.5	6.5	3.5	5.5	9	7.5	9	9	2	8	9	7.5	9	9	0	9	9	2.5	9
16MN107-1	9	4.5	9	8	8	8	8	6	7.5	4.5	9	8	4.5	5.5	7	7	8.5	1	8	9	8.5	2	6.5	2	7	8	7.5	9	8	8	2	9	5	9	8	8	9	9	8	9
16MN107-3	9	2	9	9	8	6	6.5	8	8	0	9	9	4.5	7	7	8	9	1	9	6.5	6.5	5.5	7	5.5	6	7	7.5	9	9	9	1	9	9	7	9	6	9	9	8	9
16MN110-1	9	6.5	9	8	8	7	8	7	8	9	8	9	5.5	6.5	9	8	9	5	5	8	8.5	8	7	9	6.5	7	9	8	9	8.5	1	9	5	9	5	0	1	7	6	2
16MN110-2	9	6	9	8	9	9	7	6.5	7	8	9	8	7	6	9	8	9	5	5.5	9	9	9	6	8	7.5	6.5	9	9	9	9	4.5	9	5	9	5.5	0	0	9	6	3.5
16MN118-2	1	1	9	9	8	4.5	7.5	7	9	0	5.5	6	3.5	5	9	9	5.5	1	5.5	6	7	2	7	5	7.5	0	8	5.5	9	1	4.5	7.5	5	6.5	5.5	2	0	2.5	0	0
16MN119-1	0	7.5	9	9	9	4.5	9	5	8	1	9	9	5.5	7.5	9	9	9	2	9	5.5	6	8	8	9	6	9	7.5	9	9	1	5.5	9	5.5	9	9	0	1	9	0	0
16MN121-2	5.5	6.5	9	9	9	2	9	8	8	0	9	9	5.5	3.5	9	9	9	5	6	6.5	6	3.5	7	5.5	6.5	8	9	9	9	3.5	1	9	6	9	6.5	0	0	9	0	3
16MN84-1	9	9	9	9	9	8	9	8	8	2	9	9	8	5	9	9	9	5.5	9	9	9	2	6.5	2	6.5	9	9	9	9	9	5.5	9	5	9	9	9	9	7	7	9
16MN85-1	9	8	9	9	9	9	0	8	9	0	9	9	9	9	9	9	9	6	9	9	9	9	8	9	8	9	9	9	9	2	1	9	6.5	1	9	1	8	9	2	8
16MN88-3	9	8	9	4.5	8	8	8	8	8	9	9	9	8	2	7	8	9	6	8	9	9	8	7.5	9	6	1	8	9	9	2	9	9	3.5	9	9	0	8	9	0	4.5
16MN90-2	9	9	9	7	9	4	8	8	9	2	9	9	9	2.5	8	8	9	6.5	9	7	9	2	8	5	6.5	9	9	9	9	1	5.5	9	5.5	9	9	7	9	9	0	9
16MN93-1	9	9	9	9	9	7	9	7	9	2	9	9	7.5	9	9	8	9	5.5	9	9	9	1	6.5	1	6.5	9	9	9	9	2	0	9	9	9	9	0	3.5	7	1	2
16MN93-2	9	9	9	9	9	9	8	8	9	0	9	9	8	9	9	9	9	6	9	9	9	6	7	9	9	9	9	9	9	2	9	9	8	9	7.5	0	9	9	2	5.5
16MN94-1	4.5	2	9	9	9	2	9	9	9	9	9	9	5.5	6	9	9	9	2	9	8	7	6	7	5.5	7	8	9	9	9	9	4.5	9	5.5	9	9	2	0	9	6.5	7
16MN94-2	9	2	9	9	9	5	3.5	7	9	2	9	9	0	6	9	9	9	2	5	7.5	9	9	7	9	7	9	8.5	9	9	9	8	9	5	2	8	6.5	8	9	9	8
16MN98-2	9	9	9	9	8	8	9	6.5	9	9	9	9	8	2	9	9	9	6	8	9	9	2	7	5.5	7.5	9	9	9	9	3.5	4.5	9	5	9	9	9	9	9	2	5.5
16MN98-3	9	4.5	9	9	9	8	1	9	9	1	8	9	4.5	4	8	9	8	3.5	7.5	8	9	2	8	5.5	6	8	7	9	9	5.5	0	9	5	4.5	7.5	7	8	7.5	1	7
16MN99-1	9	8	9	9	9	9	9	8	8	0	9	9	5.5	3.5	9	9	9	3.5	7.5	6	9	2	7	1	7.5	8	9	9	7.5	2	1	9	5.5	9	9	0	3	5.5	1	3
16MN99-2	9	9	9	9	8	7	3.5	6.5	9	0	9	9	5.5	3.5	9	9	9	6	8	7	7	6.5	7	5.5	8	9	5.5	9	9	2	2	9	7.5	2	9	6.5	8	9	4.5	3.5
16MN99-3	2	2	9	9	8	2	9	7	8	0	8	8	9	3	4.5	3.5	9	2	9	7	6.5	4	7	2.5	4.5	1	7.5	9	9	5.5	4.5	9	7	9	9	8	3	4.5	4.5	6
16SD69-1	2	7	9	9	9	2	9	8	2	1	9	2	5.5	5.5	9	9	9	3.5	9	7	7	3.5	8	5	7.5	9	9	9	9	2	2	9	5	9	4.5	0	0	9	1	1
16SD74-2	1	9	9	9	9	2	9	3.5	9	2	9	9	9	5.5	9	9	6	6.5	8	5.5	4.5	2	9	3.5	7	9	9	9	9	2	5.5	9	5	9	9	0	0	9	1	1
16WI76-1	2	2	9	8	9	2	9	8	8	1	9	9	9	3.5	9	9	9	0	9	7.5	8	2	9	4	8	9	8	9	9	2	2	9	2	9	8	0	0	9	2	6.5
17AR69-3	9	9	9	9	9	9	0	7	0	0	2	0	9	6	9	9	9	7	6	7	7	5	7	5	8	0	9	9	2	2	9	9	6	0	6	0	0	2	0	2
17FL20-1	9	9	9	9	9	9	2	6	2	0	9	2	9	2	7	9	9	0	6	9	9	9	7	9	9	0	9	9	0	0	9	9	2	0	6	0	2	0	0	0
17FL20-2	9	9	9	9	9	9	2	5	2	0	9	0	9	2	9	9	9	0	6	9	9	9	7	9	9	0	2	9	2	2	9	9	5	0	6	0	2	2	0	0
17FL20-3	9	2	9	9	9	0	2	5	0	2	9	0	0	5	9	9	9	5	6	9	9	6	6	9	9	0	9	9	0	0	7	9	5	2	7	0	2	0	0	0
17FL21-2	9	9	9	9	9	9	0	7	5	0	9	5	9	5	9	9	9	6	9	7	7	0	7	5	8	0	9	9	2	5	9	9	5	0	9	9	9	2	0	9
17FL22-2	9	9	9	9	9	9	0	7	5	0	9	5	0	5	9	9	9	6	9	7	7	2	7	5	8	9	9	9	2	2	9	9	5	0	9	9	9	2	2	9
17FL23-1	9	9	9	9	9	9	9	9	6	0	9	6	0	2	9	9	9	6	9	7	7	2	7	5	9	0	9	9	2	2	0	9	5	0	9	9	9	2	0	9
17FL23-2	9	9	9	9	9	9	0	7	6	0	9	6	0	6	9	9	9	6	9	7	7	2	7	5	9	0	9	9	2	2	0	9	5	0	9	9	9	2	0	9
17IA105-1	2	5	9	9	9	2	9	7	7	0	9	9	9	2	9	9	9	2	9	7	7	2	7	5	7	9	9	9	9	2	0	9	5	9	9	2	2	9	2	2
17IA106-3	2	5	9	9	9	2	9	7	9	0	9	9	2	6	9	9	9	2	9	7	7	2	9	5	8	9	9	9	9	2	0	9	6	9	9	0	0	9	2	0
17IA108-2	0	0	9	9	9	0	7	9	9	0	9	9	0	0	9	9	9	0	9	7	7	0	9	2	9	9	7	9	9	0	0	9	6	9	9	0	0	9	0	0
17IA109-3	0	5	9	9	9	0	9	5	9	0	9	9	0	5	9	9	9	0	9	6	6	2	9	5	5	9	9	9	9	2	0	9	6	9	9	0	0	9	5	0
17IA111-3	2	2	9	9	9	2	9	9	2	0	9	2	9	5	9	9	9	2	9	7	7	7	9	7	8	9	9	9	9	2	0	9	5	9	9	0	0	9	0	0
17IA116-1	2	9	9	9	7	0	9	7	7	0	7	9	7	5	9	9	9	6	9	7	6	2	7	5	6	9	9	9	9	2	0	9	8	5	9	9	9	2	0	9
17IL75-3	9	2	9	9	9	9	0	7	2	9	9	0	0	0	9	9	9	2	9	7	7	2	7	2	8	0	7	9	2	2	0	9	6	0	7	0	9	2	0	7
17IL76-1	9	6	9	9	9	9	6	7	2	0	9	2	2	9	9	9	9	5	9	9	9	5	7	6	8	0	9	9	2	2	9	9	8	5	9	9	9	2	0	9
17IL76-3	9	5	9	9	9	9	6	9	0	0	9	0	9	9	9	9	9	5	9	9	9	5	7	5	8	0	9	9	0	0	0	9	8	0	9	9	9	2	0	9
17LA48-2	9	9	9	9	9	9	5	7	2	0	9	2	0	6	9	9	9	6	9	7	9	6	9	9	8	2	9	9	2	2	0	9	5	2	9	0	2	2	0	0
17LA49-3	9	6	9	9	9	9	6	7	0	0	9	2	2	9	9	9	9	2	9	9	9	2	7	5	8	2	6	9	2	2	0	9	7	6	9	9	9	2	0	9
17LA50-2	2	5	7	5	6	2	9	8	2	0	5	2	0	9	5	7	9	2	5	6	7	6	2	2	8	2	8	6	2	5	0	9	8	9	5	0	0	0	0	0
17LA50-3	0	5	8	2	6	5	9	6	2	0	5	0	0	9	6	7	9	0	5	7	7	6	0	5	8	5	7	6	0	5	0	9	6	9	5	2	0	0	0	0
17LA67-2	9	2	9	9	9	9	2	5	0	0	9	0	0	2	9	9	9	0	6	0	9	7	6	7	9	0	0	9	2	2	9	9	2	2	6	0	6	2	0	6
17MN145-1	0	0	9	9	9	2	9	7	0	0	9	0	9	5	9	9	9	2	9	6	6	5	7	5	9	9	6	9	9	2	0	9	5	9	9	0	0	9	6	0
17MN145-2	9	2	9	9	0	0	9	9	0	6	9	9	9	2	9	5	6	5	9	5	7	5	9	9	7	9	7	9	9	0	0	9	6	9	9	0	0	9	0	0
17MN146-1	2	9	9	9	9	2	9	7	7	0	9	9	9	2	9	7	9	6	9	6	6	2	7	5	8	9	9	9	9	2	0	9	9	9	9	0	0	9	2	0
17MN146-2	9	0	9	9	7	6	9	6	2	0	9	2	0	6	9	7	9	0	7	6	6	6	7	7	6	0	5	9	9	2	0	9	6	9	7	0	0	9	0	0
17MN150-1	0	9	9	9	9	0	9	5	9	0	9	9	9	2	9	9	9	6	9	6	9	2	9	5	7	9	9	9	9	0	0	9	5	9	9	6	0	9	0	0
17MN150-2	0	7	9	7	9	2	9	5	9	0	9	9	0	2	9	9	9	7	9	7	6	2	9	2	7	9	9	9	9	2	0	9	0	9	9	6	0	9	0	0
17MN78-2	9	9	9	9	9	9	9	5	0	0	9	0	7	2	9	9	9	6	9	9	9	0	7	2	9	9	9	9	9	0	0	9	5	9	9	0	5	9	2	2
17MNBT-10	9	6	9	8	8	8	9	7	8	0	9	9	9	7	9	8	9	1	8.5	7	9	1.5	6.5	2.5	8	9	8	8	9	4	7.5	9	6.5	7.5	9	0	8	9	3	9
17MNBT-11	9	7.5	9	8	9	7	7	6.5	9	1	9	9	8	4.5	9	8	8	5	8	7	9	8	6.5	7.5	7	8	8.5	9	7	1	7.5	9	2	8.5	9	6.5	8	8	3.5	8.5
17MNBT-12	9	3	9	8.5	8	7.5	8	6	7.5	0	9	9	9	6	9	9	9	4.5	8	9	8.5	1.5	6.5	4	7	9	8	9	9	5.5	4.5	9	5	8.5	7	8	5.5	7.5	4	6
17MNBT-13	9	2.5	9	8	7.5	6.5	8	9	9	0	9	9	8	5.5	9	8	9	2	9	9	9	8.5	6.5	9	6.5	7.5	8	8	8	1	7.5	9	5	8.5	8.5	0	8	7.5	1	9
17MNBT-14	8	7.5	9	9	8	8	0	1.5	9	4	9	9	9	4	9	7	8	4.5	8	7	6	1	5.5	1.5	6.5	3	8	7.5	7.5	0.5	8	8.5	5	3.5	8	7.5	0	8	1	3
17MNBT-15	7	7.5	9	9	7.5	8	5.5	6.5	7.5	8.5	8.5	9	4.5	5.5	8.5	8.5	8.5	5	7.5	8	7	7	6	9	8	6.5	8.5	9	7.5	4	7	9	3.5	3	9	8.5	9	8.5	1	7.5
17MNBT-16	8	6	8.5	8	7	7	4	6	6	8	9	8.5	8.5	1.5	7.5	7.5	8.5	1	8	8	7	7	4.5	8.5	6	6.5	4	6	7.5	7.5	3.5	8	4.5	4.5	6.5	5.5	8.5	7.5	7	7.5
17MNBT-17	7.5	5.5	9	8.5	8.5	8	4	7	6.5	3.5	9	9	8	5	8.5	8.5	9	3.5	7	4	6.5	1	6	2	5	8	9	8	3	4	9	9	2	4	9	8.5	9	2	2.5	9
17MNBT-18	3	7	8.5	9	7.5	7.5	8.5	6	7.5	0	9	8	8	5.5	8	7	9	3	9	8.5	8.5	8.5	7.5	9	5	7.5	7.5	8.5	8	5.5	8.5	9	5	8	9	0.5	8.5	7.5	3.5	8
17MNBT-19	9	8	9	8	9	7	9	9	9	0	8	9	9	5	9	8.5	8	6	9	7	5.5	1	5.5	1.5	6.5	6.5	9	8	8.5	0	4.5	9	4.5	7.5	9	7	7.5	8	3.5	8
17MNBT-2	9	8.5	8.5	7.5	7	6.5	8.5	6	8	3.5	7.5	9	7.5	4	8	8	9	5	8	9	8.5	8	9	9	8	7.5	8	8	8	4	4.5	9	3	8.5	8	2.5	8	9	5.5	7.5
17MNBT-20	6.5	3	9	8	8.5	8.5	8.5	7.5	7.5	0	7	9	9	4.5	9	8	8.5	5	8	9	7.5	3	6.5	3	7	8	7	8.5	7	4	7	9	5	9	7	7	8	7.5	3.5	7.5
17MNBT-21	9	9	9	9	8.5	4	8.5	8	8	9	7.5	7.5	9	5.5	9	8.5	7.5	5	7.5	7.5	7	8.5	7.5	9	6	7.5	8	7.5	8.5	4	0	9	1.5	8	7	7	3.5	7	5.5	9
17MNBT-23	8	2.5	8.5	8	7.5	8.5	4	8	7	0	7.5	7.5	4.5	8	8	8	6	4	6.5	6.5	7.5	1.5	6.5	1.5	5.5	8.5	8	6.5	9	5.5	6.5	9	6.5	5	7.5	6.5	6	7.5	1.5	8.5
17MNBT-24	9	8	9	9	8	8.5	9	5.5	7.5	0	8.5	8.5	9	3.5	8.5	7.5	8.5	6	9	8	8	8	6	9	6	7.5	8	8	7.5	4	8	9	7.5	9	9	0	9	8	1	7
17MNBT-3	8	6.5	9	9	8	6.5	6.5	6.5	0	7.5	9	1.5	8	6	7.5	7	8	0	7	6	6	2	5.5	4	5.5	7	6.5	9	7	8.5	6	9	4	7.5	9	0	7.5	7.5	6	7
17MNBT-4	9	1	8.5	8	8	8.5	8	7.5	8	1	8	9	8	4	7.5	7.5	8	1	6.5	8	6	4.5	6	7.5	5.5	6.5	7	8.5	6	3	0	8	3.5	6.5	6.5	6	6.5	6	2	6.5
17MNBT-5	7.5	7	9	7.5	6.5	6.5	8	5.5	7.5	0	8	8	7.5	5	7.5	7	4.5	5.5	6.5	8	7.5	7	6	7.5	6	8	8	9	7.5	5.5	2	9	3	7.5	6	7.5	7	7.5	4	7.5
17MNBT-6	7.5	2	8	7.5	8	6	6.5	5.5	7	0	7	8	4.5	4	7	7.5	9	4.5	6.5	7	9	2	6.5	1.5	6	6.5	6.5	8	7	4	4.5	9	2	7	6.5	3	6.5	6	3	7.5
17MNBT-7	8.5	6.5	8	7.5	6.5	6.5	8	7	8.5	2.5	8.5	4.5	8	4	8	7.5	8	5	7.5	9	9	3	6.5	2	5	6	8	9	8	3	8	8.5	4.5	7	8	9	8.5	8	5	9
17MNBT-8	9	7	9	8.5	7	8	4.5	8	8.5	8.5	8	9	9	5.5	8	8.5	9	5.5	8.5	8.5	9	7	6.5	9	6	6	8	8.5	7	3	7	8.5	4.5	4	7	8.5	9	7	2.5	7.5
17MNBT-9	9	5	9	7.5	7	4.5	7	7	7	2.5	5.5	7	8.5	6	7.5	7.5	6.5	3.5	6.5	7.5	6.5	3.5	7.5	4	6.5	7.5	7.5	5.5	8	4	3.5	9	7	7	5.5	5.5	7	7	5	8.5
17MS65-1	9	6	9	9	9	9	6	9	0	0	9	2	2	9	9	9	9	5	9	9	9	6	7	5	8	0	9	9	2	2	0	9	8	5	9	9	9	5	8	9
17MS65-3	9	6	9	9	9	9	5	7	0	0	9	0	0	9	9	9	9	2	9	9	9	2	7	2	7	0	2	9	0	0	0	9	7	2	9	9	9	2	0	9
17SD126-1	2	2	9	9	9	2	6	9	2	9	9	2	2	5	9	9	9	2	9	7	6	2	7	2	8	7	9	9	9	9	0	9	8	9	9	0	0	9	7	0
17SD126-2	2	2	9	9	9	2	9	7	9	0	9	9	9	7	9	9	9	0	9	6	6	0	7	2	8	7	9	9	9	9	0	9	8	9	9	0	0	9	7	0
17SD126-3	2	2	9	9	9	2	9	9	2	2	7	2	2	5	9	9	9	2	9	7	7	2	7	2	9	9	9	9	9	9	2	9	5	9	7	2	2	7	9	2
17SD129-3	9	5	9	9	9	9	9	7	0	0	9	2	9	2	9	7	9	6	9	7	7	2	7	2	6	9	7	9	7	0	0	9	6	9	9	0	9	7	0	9
17SD132-1	2	9	9	9	9	2	0	7	9	0	9	9	0	2	9	9	9	6	9	6	6	5	9	5	8	9	9	9	9	0	0	9	9	2	9	0	0	9	6	0
17SD133-2	0	0	9	9	9	2	9	7	9	0	9	9	0	5	9	7	9	0	9	7	7	6	7	9	7	9	7	9	9	2	0	9	5	9	9	0	0	9	0	0
17SD79-2	2	2	9	9	9	2	9	7	7	0	9	9	9	6	9	9	9	0	9	7	7	5	7	5	6	9	7	9	9	2	2	9	6	9	9	0	0	9	0	0
17SD80-2	0	2	9	9	9	2	5	9	0	0	9	2	0	2	9	9	9	0	9	7	7	5	7	6	6	0	9	9	9	0	9	9	5	6	9	0	0	9	0	7
17TX1-2	9	6	9	9	9	9	6	9	0	0	9	2	9	9	9	9	9	5	9	9	9	6	7	6	7	2	9	9	0	0	0	9	8	2	9	9	9	2	0	9
17TX12-3	0	0	6	2	5	2	9	5	2	0	5	9	2	9	5	6	9	0	5	9	5	2	2	6	6	0	7	2	0	2	0	9	5	9	2	0	2	0	0	0
17TX15-3	2	2	6	2	2	2	7	5	2	0	2	2	9	9	2	2	2	0	2	8	5	2	2	6	6	0	6	2	0	2	0	9	5	7	2	0	0	0	0	0
17TX44-3	5	5	7	5	5	2	9	7	2	0	5	2	9	9	5	6	9	7	5	7	6	5	2	5	7	0	6	9	2	2	5	9	5	7	5	0	2	2	0	2
17TX59-2	0	0	6	2	5	2	9	6	0	0	2	0	0	9	5	5	9	0	2	2	5	2	0	5	8	0	5	5	0	2	0	9	5	9	5	0	0	0	0	0
17TX62-3	9	7	6	6	2	9	0	5	0	2	9	0	0	5	2	6	9	6	5	9	9	2	0	2	8	0	2	2	0	0	0	9	2	0	5	0	0	2	0	0
17TX9-2	9	9	9	9	9	9	0	9	0	0	9	0	9	7	9	9	9	5	6	9	9	0	7	5	9	0	9	9	0	0	0	9	2	0	6	0	5	2	0	2
18MNBT-34	8	4	8	8	8	7	8	6.5	7	3	9	8.5	5.5	4	7.5	8	8	3.5	8	8.5	8	8.5	6.5	9	6.5	8	9	8.5	8	0	0	9	3.5	8	7.5	9	3.5	7	0	0
18MNBT-35	8.5	7	9	7.5	7.5	2	7	6.5	7.5	3.5	9	9	7	2	8	7.5	8.5	5	8	7.5	7	6.5	6	7.5	5	7	8	9	7.5	0	0	9	5.5	7.5	5	5	3.5	7	0	0
18MNBT-36	9	8.5	9	8.5	8	8.5	8.5	7	8.5	0	9	9	8.5	4	9	8.5	9	4	8.5	9	9	8.5	6	9	5.5	9	8.5	9	8.5	1.5	4.5	9	5.5	8.5	9	8.5	9	8.5	0.5	8.5
18MNBT-37	9	4.5	7	8.5	7	7	6.5	6	4	4.5	8	7	8.5	2	8	7	8.5	3	8	8.5	8	3.5	6.5	4.5	5	8.5	8.5	9	8.5	8	3.5	9	5.5	9	8.5	8	7.5	7.5	7.5	8.5
18MNBT-38	9	8.5	9	8.5	8	7	2	6.5	7.5	0.5	9	9	9	6	8.5	8	9	5.5	6	9	7.5	4.5	6	3	5.5	8.5	9	9	8.5	0	4.5	8.5	5	4.5	8.5	8.5	7.5	8	0	9
18MNBT-39	9	8	8.5	8	8	7	8	6.5	7	7.5	8.5	9	8.5	1	8	7.5	8	5	7	8.5	7	3.5	6	2	5.5	6.5	8.5	8	7	2	4	9	2	7.5	7	6	2	7	2.5	4
18MNBT-40	9	0	9	9	8.5	5.5	7.5	7	7.5	8	8.5	9	9	3	9	8.5	9	4.5	8	7.5	6.5	3	6.5	3	6.5	7	8.5	9	8	2	5	9	8	6.5	9	7	8	7	0	8.5
18MNBT-41	8.5	4	9	9	8	8	5	8	8	0	9	9	5	4.5	8	8	9	2	9	8.5	8.5	2	6.5	1.5	5.5	9	8.5	9	8	0.5	3.5	9	5	5	8.5	8	0	8	0	0
18MNBT-42	8.5	0	9	8	7.5	8	8	7.5	7.5	8.5	8	9	9	2	7.5	8.5	8.5	0	7	9	8.5	1.5	6.5	0.5	5	6.5	8.5	9	8.5	1	0	9	2	7.5	7.5	7.5	9	7.5	0	8.5
18MNBT-43	8	6	8.5	7.5	7	7.5	7.5	7.5	7.5	0	8.5	8.5	5.5	0.5	8	7.5	9	3	7	8.5	8.5	3.5	6	1.5	6	7.5	7.5	7.5	7	0	8.5	8.5	5.5	8	7	7.5	7.5	7.5	0	8.5
18MNBT-44	4	6.5	7.5	7	7.5	7.5	7.5	5.5	7	3	8	8.5	9	3.5	7.5	8	8.5	5.5	7	9	9	8	5.5	8.5	7	7	8	8.5	7.5	3.5	3.5	9	5.5	8	6.5	7.5	4	7.5	0	3.5
18MNBT-45	9	8	8	7.5	8.5	6.5	9	2	7.5	0	8.5	9	9	2	7.5	8	4	6.5	3.5	4.5	8	1.5	7.5	0.5	3.5	7	4.5	7.5	7.5	1	4	9	2	4	7	7	1.5	7	0	1
18MNBT-46	0	8	9	8	7	1	7	3	8	0	7.5	7.5	9	5	8	8.5	2	5	6	5	6	1	7.5	1	6.5	7.5	9	8.5	8	1	7.5	9	6.5	9	6	0	0	6.5	1	5
18MNBT-47	9	0	9	8	7.5	8	7	7.5	8	1	8.5	9	4	8.5	8.5	8	9	5.5	8	5.5	6.5	1.5	6.5	2	8	8	8	9	9	2	4.5	9	9	8.5	7.5	0	1	9	0.5	3
18MNBT-49	9	3	8	7	6.5	7.5	8	6	8	3.5	8	8.5	9	2	8.5	7.5	9	0	7	9	8	0.5	6	1	4.5	8	7.5	9	7.5	0	0	9	6	7	7	8	1	7	3	1
18MNBT-50	8.5	5	9	8.5	7	7.5	7.5	6.5	8	8	7	7.5	9	0	9	7.5	7.5	0.5	5	9	8.5	0	7.5	4	4	8	7	8	7.5	4	3.5	8.5	5.5	6	5.5	0	3.5	6	0.5	1
18MNBT-51	4.5	8	8	4.5	8.5	8	8	6	7	8.5	4.5	9	6.5	8	9	9	9	3	9	9	9	2	7	1.5	2	5.5	8	9	9	2	4	9	8.5	8	7.5	9	8	8.5	0.5	8
18MNBT-52	7.5	3.5	8.5	7	8	4	2	6	7.5	0	7.5	8	4.5	1.5	7.5	7.5	9	2.5	8	7	6	8	6	8	5	7	7	7.5	7	2	3	8.5	2	0	8	3.5	7.5	7	3.5	5.5
18MNBT-53	9	8.5	9	9	8	8	4	7.5	9	9	9	9	2	1	9	8.5	9	5	7.5	6.5	8.5	2	7.5	2	7.5	8	9	9	8.5	0	9	9	5.5	5.5	8	0	8	9	3.5	8
18MNBT-54	9	8.5	8.5	7.5	8	2	8.5	6.5	8	8	9	9	8.5	1.5	8	7.5	9	5.5	7.5	6.5	5.5	0.5	5.5	1	6	8	8.5	8.5	7.5	2	4.5	9	2	9	7	3	8	8	1	9
18MNBT-55	9	7	8.5	8	6.5	8	6.5	7	8.5	3	7.5	9	7.5	0.5	7	8	9	5.5	8	8	7	0.5	5.5	0.5	6	6.5	8	8.5	7	1	0	8	4.5	7	8.5	7.5	8.5	7.5	0.5	9
18MNBT-56	9	3.5	9	9	8.5	8	9	6.5	8	0	9	9	5.5	7.5	8	7.5	9	4	6.5	9	9	5	7.5	8	5.5	7.5	8.5	9	7	1.5	7	9	8.5	8	8	8.5	7	6.5	0.5	7.5
18MNBT-57	9	7	8	9	7.5	6	6.5	6.5	7	7.5	8.5	9	5.5	2	8.5	7	8	5.5	7.5	7.5	6.5	2	6.5	3	6	5.5	9	9	9	1.5	8.5	9	3	5	9	6.5	9	8	0.5	9
18MNBT-58	9	4	9	8.5	7	7.5	9	5.5	7.5	0	8.5	8.5	4.5	0.5	8.5	7.5	8.5	3	8	8.5	8.5	4.5	6.5	3	7	7.5	8	9	8	0	9	9	5.5	8.5	8	8.5	8.5	7.5	4.5	9
90AR100-1	5.5	9	2	1	5	9	8	9	1.5	0.5	2	1.5	8	6.5	3.5	5.5	1	6.5	2	7	1	1.5	1	3	8.5	0.5	5.5	3	0.5	5	2.5	9	3	6.5	2	0.5	0	0	0	0.5
90GA16-1	9	1	6	1.5	5	8	8.5	5.5	3	0	2	0.5	1	9	5	6	5.5	2.5	2.5	7	5	5.5	1	2	8.5	1	5.5	3.5	0	3	1	9	5	7	1	0	0.5	0	0	1
90KS101-1	1.5	1.5	6.5	1.5	5.5	1.5	9	6	0.5	0.5	3	0.5	0.5	7	3	6	6	2	6	6.5	5.5	4.5	1	5	9	1	6.5	4.5	0	5	1.5	9	5	8.5	5.5	0	0.5	0.5	0	0
90LA38-1	9	1	6	5	5	9	4.5	5	0.5	0.5	1.5	1	0.5	7	5	6	9	2	5	6.5	6	1	1.5	1.5	8	0.5	5.5	2	0.5	1	1	9	5	2	5	0	0.5	0.5	0	0.5
90MN137-1	9	9	9	9	4.5	8	0	7.5	2.5	0	8.5	1	7.5	5.5	4.5	7.5	5.5	6.5	5	6.5	3	3.5	7	5	8	0	6	4	1	2	2	9	4.5	0.5	5	0	1.5	0	0	0.5
90MN13B-3	9	7.5	8	6.5	3	9	2.5	5	1.5	1	2	0	0.5	7	3.5	7.5	3.5	6	4	6	4.5	3	1.5	2	9	0.5	5	4.5	0.5	4	2.5	9	5	0.5	2.5	0	0	0.5	0	0
90MN148-1	9	9	6	4.5	5.5	7.5	0	8	0.5	0	2.5	1.5	0.5	6	3.5	6	5	6	9	6	3.5	3	0.5	3	9	1	5	3.5	0	1	1.5	9	5	1.5	9	0	0.5	0	0	0.5
90MN149-2	7	9	6.5	4.5	3.5	9	4	1.5	1	0	2.5	0.5	2	6.5	4	8	3	5.5	5	6	4	3	0.5	3	8.5	1.5	3.5	3.5	0	5	3	9	3.5	1.5	5	0	0.5	0	0	0.5
90MN14B-1	9	9	9	9	9	9	0.5	5	1.5	0	9	0.5	1	4.5	9	9	5.5	6	4.5	3	3	3	7	4.5	8	0	9	9	1	4.5	5	9	5	0	5	0	0.5	1	0	1
90MN152-1	1.5	9	6.5	3	3	3.5	5.5	9	0.5	0	4	0.5	3.5	6	3	8	5.5	6	5	5.5	3	3	0.5	1.5	8.5	1	5	4	0	5.5	5.5	9	4.5	5.5	4	0	0.5	0	0	0.5
90MN153-1	1	0.5	6.5	3	5.5	1	9	6	1.5	1	2.5	0.5	6.5	7	5	6	6.5	2	5.5	6.5	5.5	5	1	2	9	0	7	4.5	0	4.5	0.5	9	5	8	3.5	0	0	0	0	0
90MN17B-1	9	7.5	8	6.5	4	8	0.5	5.5	1.5	0	9	1	1	5	3	9	1	7	3	3	1	2	1	2.5	9	1	4	3	0	4.5	0.5	9	5	0.5	1.5	0	0.5	0	0.5	0.5
90MN1B-1	0.5	1.5	5	3.5	3	1.5	0	5	0.5	0	2.5	0.5	0	3.5	3	2	1.5	2.5	4.5	3.5	1.5	5	0.5	3.5	9	0	2	1.5	0	4.5	1.5	9	3	0.5	5	0	0	0	0	0
90MN2B-1	2	1	4.5	4.5	3	1.5	0.5	4.5	0.5	0	1.5	0	1	4.5	2	4	1.5	4	5	2.5	1	3	1.5	3.5	8	0.5	2	2.5	0.5	3.5	1	9	3	1	4.5	0	0.5	0	0	0.5
90MN3B-1	0.5	1.5	6	3	5	1	9	5.5	0	0.5	3	0.5	0	7	3	6	6	0.5	3.5	6.5	5	2.5	0.5	5	8.5	1.5	3	2.5	1.5	5	0.5	9	3	7.5	2	0	0.5	0	0	0
90MN5B-1	9	6	5	0	9	9	9	7.5	4	1	8.5	2	6	8.5	8	3.5	9	5.5	7.5	7	7.5	2.5	0.5	4.5	9	0.5	8.5	9	0.5	0.5	0.5	9	8	9	2	7.5	0	0	0	0.5
90MN7B-1	9	8.5	9	8.5	9	9	0.5	5	3	0	9	1	0.5	4.5	9	9	5.5	7	5	5.5	1	4.5	8	2.5	8.5	0.5	9	9	0.5	4.5	3	9	5	0.5	4.5	0	0	1	0	0.5
90MN8B-2	9	7.5	9	6	5	7	3	5.5	0.5	1	2.5	0.5	1.5	7	3.5	7.5	6.5	6	4.5	6	3.5	3.5	2.5	4	8.5	1	3.5	3	1	5	3.5	9	5	2	3	0	1.5	0.5	0	0
90MN9B-4	9	1	6.5	1	4.5	8.5	7	5	1	0	2	1	0.5	8	5.5	6	2	2	1	5.5	3.5	2	0.5	2	7.5	1	4.5	3.5	0.5	4.5	1.5	9	5	6	0.5	0	1	0	0	0.5
90PA162-1	1	9	9	5	3	2	0.5	8.5	2.5	0	2.5	1	1	5	2.5	9	3.5	6.5	1	3.5	4	4.5	1	4.5	8	0	5.5	3.5	0	4.5	0.5	9	3.5	2	0.5	0.5	0.5	0	0.5	0.5
90SD164-1	9	1	6	3	5	8	4	3	1	0	1.5	1	7	7	3.5	5.5	9	3	5.5	5.5	6.5	1.5	1	2	8.5	0.5	4.5	5	1	1	2	9	5	1.5	5.5	0	0.5	0	0	1
90SD171-1	9	7.5	5.5	5	2	9	0	7.5	0.5	0	2	0.5	0.5	3.5	3	5.5	2	5.5	4	5.5	1	3.5	1.5	5	9	0	3.5	3.5	0	1.5	2	9	3	1	2.5	0	0	0	0	0.5
90SD172-1	9	1	6	4	4	8	3.5	2	1	0	2.5	0.5	1	6.5	5	5	9	3.5	6	5.5	6	1	1.5	2.5	9	1	5	3	0	1.5	1.5	9	4.5	1.5	5.5	0	1	0	0.5	0.5
90TX45-1	9	6.5	6	9	9	9	0	5	4	0	2	2	0.5	6.5	9	6	2	3	4	5.5	6.5	9	7.5	9	9	0.5	9	9	1	3	1	9	5	0.5	3.5	0	1	1	0	1
90TX47-1	9	8	7.5	5.5	4.5	7.5	1.5	5	0.5	1	1.5	0	3.5	7	4	7.5	5	6	4.5	8	3.5	3.5	1.5	3.5	9	0	5.5	4.5	0.5	4.5	3.5	9	5	2	2.5	0	0.5	0	0.5	0
90TX52-1	1	1	6	3.5	5.5	1.5	9	5.5	1	1	3	1	1	8	5	6.5	6	3	4	6	5.5	4.5	1.5	5	8.5	0.5	6	3.5	1	5	0.5	9	4.5	9	5.5	0	0.5	0	0.5	0.5
90TX58-1	1	1	6	4.5	5	1	9	5	1	0.5	3	0	1	7.5	4	6	6	3	5.5	5.5	3.5	5	1.5	4.5	9	0.5	5.5	3	0.5	4.5	0	9	5	8	1.5	0	1	0	0	0.5
90TX70-1	9	1.5	6	1	5	9	7	5	3	0	3	2	0.5	8.5	5	6.5	5.5	0.5	1.5	6	3.5	4.5	0.5	2.5	7.5	0.5	5	4.5	1	4	1.5	9	5	6.5	1.5	0	0.5	0.5	0	1
90WI131-1	9	1	7.5	2	4	6.5	3	5	0.5	0.5	2	3.5	1	6	3	8	4.5	3	9	5.5	3.5	3.5	1	4.5	8.5	0.5	5	1.5	0	5.5	3	9	3	1	9	0	0.5	0	0	0
90WI132-1	9	1	9	4	5	7	0	8.5	3	0	2	1.5	0.5	5.5	4.5	8	5.5	3	9	6	3.5	5	0	4.5	8.5	0.5	3	3	0	2.5	0.5	9	4.5	1	9	0	1	0.5	0.5	1
