0.00601
0.0096
0.0096
0.0096
0.00812
0.00971
0.00797
0.00827
0.00275
0.00275
0.00151
0.00151
0.00151
0.00151
0.00151
0.00151
0.00275
0.00756
0.00756
0.00151
0.00151
0.00151
0.00151
0.00151
0.00151
0.00151
0.00151
0.00151
0.00151
0.00375
8.0928E-4
0.00151
0.00151
0.00151
0.00151
0.00151
0.00151
0.00275
0.00275
7.1957E-4
0.00901
0.00151
0.00151
0.00151
0.00151
0.00151
0.00151
0.00151
0.00151
0.00603
0.00882
0.00882
0.00638
0.00687
0.00331
0.00267
0.007
0.00247
0.00247
0.00297
0.00347
0.00165
0.00227
0.00864
0.00943
0.00943
0.00683
0.00241
0.00241
0.00826
0.00826
0.00653
0.00957
0.00973
0.00983
0.00983
0.00973
0.00872
0.00872
0.00973
0.0096
0.00973
0.00933
0.00973
0.00672
0.00971
0.00649
0.00738
0.00818
0.00679
0.00973
0.00678
0.00678
0.00355
0.00355
0.00355
0.00355
0.00743
0.00797
0.00739
0.00859
0.00774
0.00431
0.00359
0.00426
0.00106
0.0051
0.00475
0.0051
0.00425
0.00239
0.00961
0.00767
0.00841
0.00865
0.00619
0.00472
0.00955
0.00849
0.00812
0.00812
0.00812
0.00928
0.00732
0.00732
0.00732
0.00732
0.00552
0.00933
0.00849
0.00849
0.00849
0.00849
0.00849
0.00849
0.00849
0.00849
0.00599
0.00933
0.00849
0.00469
0.00469
0.00469
0.00469
0.00469
0.00386
0.00386
0.00386
0.00386
0.00267
0.00267
0.00783
0.00978
0.00898
0.00898
0.00596
0.00596
0.00589
0.00888
0.00343
0.00726
0.00276
0.00506
0.00276
0.00276
0.00544
0.00813
0.00813
0.005
0.00265
0.00902
0.00902
0.00265
0.00461
0.00893
0.00893
0.007
0.00203
0.007
0.007
0.007
0.007
0.007
0.00658
0.002
0.00371
0.00656
0.00656
0.00656
0.00656
0.00368
0.00656
0.00656
0.00656
0.00656
0.00656
0.00656
0.00656
0.00656
0.00264
0.00656
0.00656
0.00715
0.00656
0.00656
0.00656
0.00656
0.00264
0.00264
0.00656
0.00656
0.00656
0.00656
0.00656
0.0039
0.0039
0.0039
0.0039
0.0039
0.0039
0.0039
0.0039
0.0039
0.00692
0.00892
0.00892
0.00892
0.00892
0.00892
0.00892
0.00892
0.00952
0.00802
0.00858
0.00974
0.00529
0.00303
0.00979
0.00577
0.00507
0.00882
0.00874
0.00874
0.005
0.00466
0.00954
0.00866
0.00269
0.00341
0.00341
0.00341
0.00341
0.00341
0.00341
0.00341
0.00586
0.00924
0.00924
0.00507
0.00406
0.00406
0.00406
0.00884
0.00726
0.00821
0.0055
0.00869
0.00869
0.00869
0.00117
0.00247
0.009
0.009
0.00681
0.00577
0.00255
0.0085
0.00547
0.00783
0.00248
0.00784
0.00869
0.00394
0.00167
0.00167
0.00167
0.00167
0.00167
0.00394
0.00394
0.00598
0.00958
0.00251
0.00955
0.00522
0.00522
0.00883
0.00181
0.00738
0.00704
0.00517
0.00685
0.00373
0.00791
0.00263
0.00917
0.00917
0.0048
0.0048
6.7641E-4
0.00435
0.00435
0.00435
0.00618
0.00618
0.00618
0.00618
0.00618
0.00618
0.00618
0.0079
0.0079
0.0079
0.0079
0.0079
0.0079
0.0079
0.0079
0.00996
0.00524
0.00274
0.00112
0.00259
0.00933
0.00316
0.00933
0.00316
0.00867
0.00863
0.0056
0.0056
0.0056
0.0056
0.0056
0.0056
0.0056
0.0056
0.0094
0.0056
0.0056
0.0056
0.0056
0.0056
0.0056
0.00239
0.0056
0.00997
0.00997
0.0056
0.00788
0.00332
0.00332
0.00104
0.00332
0.00445
0.00332
0.00775
0.00734
0.00229
0.00332
0.00332
0.00332
0.00218
0.005
0.005
0.00928
0.00732
0.00848
0.00848
0.00848
0.00848
0.00848
0.00848
0.0069
0.0069
0.0069
0.00848
0.00848
0.00848
0.00848
0.00865
0.00848
0.00982
0.0056
0.007
0.007
0.007
0.007
0.007
0.007
0.0056
0.0017
0.007
0.0056
0.0056
0.0056
0.007
0.007
0.007
0.0056
0.007
0.007
0.007
0.007
0.007
0.007
0.007
0.0056
0.007
0.007
0.0056
0.0056
0.0056
0.0056
0.0056
0.007
0.007
0.007
0.007
0.00822
0.00822
0.00476
0.00529
0.00981
0.00393
0.00529
0.00695
0.00695
0.00695
0.00486
0.00954
0.0053
0.00387
0.00892
0.00773
0.00463
0.00682
0.00682
0.00682
0.00682
0.00682
0.00682
0.00682
0.00682
0.00682
0.00682
0.00682
0.00682
0.00682
0.00682
0.00682
0.00682
0.00682
0.00682
0.00682
0.00682
0.00682
0.00682
0.00682
0.00682
0.0058
0.00682
0.00682
0.00682
0.00682
0.00682
0.00682
0.00682
0.00682
0.00682
0.00198
0.00198
0.00864
0.00864
0.00864
0.00639
0.00864
0.00639
0.00864
0.00864
0.00332
0.00205
7.2064E-4
7.2064E-4
7.2064E-4
7.2064E-4
2.6928E-4
7.2064E-4
7.2064E-4
7.2064E-4
2.6928E-4
7.2064E-4
7.2064E-4
7.2064E-4
7.2064E-4
7.2064E-4
0.00866
7.2064E-4
0.0017
0.0017
7.2064E-4
7.2064E-4
7.2064E-4
0.00866
7.2064E-4
7.2064E-4
0.0017
0.00866
0.00866
0.00396
7.4169E-4
0.00866
0.00396
7.4169E-4
7.4169E-4
7.4169E-4
6.3468E-4
0.00219
7.4169E-4
2.6928E-4
2.6928E-4
2.6928E-4
7.4169E-4
0.00396
0.00396
0.00396
0.00166
2.6928E-4
7.4169E-4
7.4169E-4
0.00396
0.00396
0.00556
2.662E-4
0.00104
7.4169E-4
0.00364
0.00445
0.00619
0.00341
0.00535
0.00521
5.8824E-4
0.00603
0.00163
7.4169E-4
9.7339E-4
0.00202
0.00278
0.00202
0.00202
7.4169E-4
0.00532
0.0015
7.4169E-4
5.3912E-4
7.4169E-4
7.4169E-4
7.4169E-4
7.4169E-4
0.0057
0.00518
0.0057
0.00518
0.0057
0.00154
0.0038
2.6004E-4
0.00364
0.0015
7.4169E-4
0.00315
0.00315
7.4169E-4
7.4169E-4
3.5623E-4
8.4312E-4
3.5623E-4
0.00315
7.4169E-4
0.0057
7.4169E-4
7.4169E-4
7.4169E-4
7.4169E-4
7.4169E-4
0.00709
7.4169E-4
7.4169E-4
7.4169E-4
7.4169E-4
7.4169E-4
7.4169E-4
7.4169E-4
7.4169E-4
7.4169E-4
7.4169E-4
7.4169E-4
7.4169E-4
0.00131
0.00389
0.00131
0.00131
0.00744
0.00504
0.00332
4.1643E-4
0.00137
0.00137
0.00294
0.00294
0.00189
0.00189
0.00189
0.00189
0.00189
0.00189
0.00189
0.00189
0.00294
0.00294
0.00591
0.00189
0.00591
0.00591
0.00591
0.00591
0.00591
0.00563
0.00563
0.00591
0.00591
0.00591
0.00591
0.00347
3.4534E-4
0.00137
0.0089
0.0089
0.00591
0.00591
0.00591
0.00591
0.00591
0.00591
0.00347
0.00591
0.00591
0.00591
0.00591
0.00118
0.00591
8.7202E-4
0.00173
0.00173
0.00173
0.00173
0.00763
0.00173
0.00173
0.00173
0.00173
0.00173
0.00173
0.00173
0.00173
0.00634
0.00109
0.00109
0.00109
0.00109
0.00109
0.00109
0.00109
0.00109
0.00109
0.00304
0.00109
0.00109
0.00543
0.00304
0.00109
0.00304
0.00109
0.00109
0.00109
0.00109
0.00109
0.00109
0.00109
0.00109
0.00109
0.00109
0.00109
0.00109
0.00109
0.00109
0.00109
0.00109
0.00109
0.00109
0.00109
0.00109
0.00109
0.00109
0.00918
0.00475
0.00492
0.00492
0.00492
0.00492
0.00603
0.00383
0.00383
0.00492
0.00492
0.00492
0.00803
0.00342
0.00681
0.00602
0.00838
0.0071
0.00496
0.00821
0.00352
0.00175
4.145E-4
4.8927E-4
0.00272
7.0204E-4
0.00272
8.0333E-4
7.0204E-4
0.00386
6.9903E-4
0.00365
0.00475
6.9903E-4
0.00266
0.00386
0.00386
8.175E-4
0.00386
0.00109
8.175E-4
0.00166
0.0015
0.00266
6.9903E-4
6.9903E-4
6.9903E-4
0.00386
0.00126
6.9903E-4
0.00266
6.9903E-4
6.9903E-4
6.9903E-4
0.00266
0.00266
0.00386
0.00676
0.00386
0.00404
0.00386
0.00126
0.0018
0.00386
0.00386
0.00386
0.00308
0.00126
0.00666
7.8726E-4
0.00957
0.00531
0.00564
0.00207
0.00998
0.00386
0.00915
0.00191
0.00126
0.00129
0.00386
0.00386
0.00126
6.9903E-4
0.00109
6.9903E-4
6.9903E-4
9.2695E-4
0.00418
6.9903E-4
6.9903E-4
0.00915
0.00109
0.00386
0.00915
0.00386
6.9903E-4
0.00184
0.00386
6.9903E-4
6.9903E-4
0.00109
0.00915
0.00258
0.0064
0.00126
6.9903E-4
0.0016
0.00386
0.00816
0.00833
0.00502
0.00766
0.00255
0.00617
0.00107
0.00915
6.9903E-4
6.9903E-4
0.00386
0.00386
0.00386
0.00491
0.00343
0.00126
6.9903E-4
0.00386
6.9903E-4
0.00386
0.00757
0.00126
6.9903E-4
0.00457
0.00471
0.0099
6.9903E-4
6.9903E-4
6.9903E-4
0.00386
6.9903E-4
0.00915
0.00153
4.1627E-4
6.9903E-4
0.00915
0.00386
0.00816
0.00578
0.00803
0.00877
0.00877
0.00777
0.00877
6.9903E-4
0.00217
0.00129
0.00129
0.00414
0.00109
0.00109
6.9903E-4
0.00109
0.00109
6.9903E-4
0.00109
6.9903E-4
0.00103
0.00444
0.00877
6.9903E-4
0.00319
0.00126
0.00126
6.9903E-4
0.00126
6.9903E-4
6.9903E-4
0.00386
6.9903E-4
0.00386
0.00386
6.9903E-4
0.00386
6.9903E-4
6.9903E-4
0.00915
6.9903E-4
0.00109
6.9903E-4
0.00915
0.00302
6.9903E-4
0.00109
0.00109
6.9903E-4
9.7618E-4
0.00459
0.00459
0.00707
6.9903E-4
0.00877
0.00217
0.00103
0.00217
0.00109
0.00103
6.9903E-4
0.00386
6.9903E-4
6.9903E-4
0.00126
6.9903E-4
6.9903E-4
6.9903E-4
0.00119
0.00109
0.00877
0.00234
9.2695E-4
6.9903E-4
8.175E-4
8.175E-4
0.00603
0.00499
0.00257
0.00153
0.00153
0.0029
0.00489
6.9903E-4
0.00118
6.2333E-4
0.00421
0.00398
8.0418E-4
6.9903E-4
0.00363
0.00113
0.00331
0.00126
0.00524
0.00524
6.9903E-4
0.0095
0.00365
0.00386
8.3189E-4
0.00517
0.00248
0.00641
0.00254
0.0095
0.00669
0.00248
0.00904
0.00658
0.00841
0.00434
0.00886
0.00404
0.00453
0.00624
0.00624
0.00584
0.0061
0.0061
0.00863
0.00622
0.00341
0.00724
0.00724
0.00767
0.00767
0.00767
0.00767
0.00767
0.00605
0.00297
0.00247
0.00616
0.00616
4.8672E-4
0.00272
0.00606
0.00445
0.00419
0.00605
0.00946
0.00946
0.00946
0.00946
0.00946
0.00946
0.00895
0.00405
0.00405
0.00405
0.00405
0.00405
0.00405
0.00405
0.00405
0.00405
0.00405
0.00405
0.00405
0.00405
0.00405
0.00405
0.00405
0.00405
0.00405
0.00405
0.00405
0.00405
0.00405
0.00405
0.00405
0.00405
0.00405
0.00405
0.00405
0.00405
0.00873
0.00764
0.00764
0.00815
0.00892
0.00997
0.00892
0.00776
0.00453
0.00453
0.00588
0.00588
0.00453
0.00453
0.00453
0.00549
0.00597
0.00895
0.00199
0.00448
0.00448
0.00344
0.00322
0.00448
0.00448
0.00448
0.00448
0.00322
0.00448
0.00322
0.00322
0.00322
0.00322
0.00322
0.00322
0.00322
0.00322
0.00322
0.00322
0.00448
0.00344
0.00448
0.00448
0.00448
0.00474
0.00322
0.00322
0.00322
0.00322
0.00322
0.00322
0.00448
0.00322
0.00608
0.00322
0.00322
0.00474
0.00474
0.00474
0.00933
0.00424
0.00474
0.00448
0.00448
0.00448
0.00448
0.00448
0.00322
0.00322
0.00322
0.00322
0.00448
0.00453
0.00474
0.00448
0.00344
0.00322
0.00633
0.00636
0.00534
0.00534
0.00534
0.00534
0.00534
0.00534
0.00534
0.00534
0.00534
0.00534
0.00534
0.00534
0.00534
0.00534
0.00345
0.00381
0.00345
0.00464
0.00696
0.00433
0.0054
0.00881
0.00282
0.00388
0.00749
0.00293
0.00992
0.00749
0.00356
0.00356
0.00893
0.00293
0.00555
0.00861
0.00511
0.00831
0.00597
0.00597
0.00785
0.00785
0.00592
0.00458
0.0039
0.00927
0.00927
0.00679
0.00318
0.00236
0.00639
0.0089
0.00474
0.0064
0.00956
0.0093
0.00997
0.00932
0.00956
0.0093
0.00681
0.00956
0.00706
0.00706
0.00706
0.00617
0.00706
0.00706
0.00706
0.00706
0.00617
0.00617
0.00623
0.00617
0.00617
0.00617
0.00617
0.00617
0.00617
0.00617
0.00617
0.00617
0.00426
0.00581
0.00617
0.00617
0.0059
0.00713
0.00571
0.00617
0.00579
0.00581
0.00616
0.00625
0.00706
0.00674
0.00691
0.00579
0.00626
0.00897
0.00426
0.00461
0.00461
0.00617
0.00617
0.00617
0.00706
0.00706
0.00799
0.00617
0.00617
0.00617
0.0056
0.0056
0.0056
0.0056
0.0056
0.0056
0.00495
0.00708
0.00822
0.00973
0.00644
0.00561
0.0097
0.0097
0.00666
0.00666
0.00869
0.00333
0.00869
0.00869
0.00896
0.00416
0.00445
0.00526
0.00243
2.4049E-4
0.00243
0.00243
0.00243
0.00906
0.00341
0.00812
0.0034
0.00296
0.0039
0.00296
0.00296
0.00296
9.6098E-4
9.7582E-4
0.00127
0.0048
0.00296
0.00127
0.0039
0.00106
7.8107E-4
8.6326E-4
0.00292
0.00292
0.00233
0.00292
0.00308
0.00233
0.00233
0.00292
0.00233
0.00233
0.00233
0.00233
0.00237
0.00233
0.00292
0.00233
0.00233
0.00292
0.00233
0.00233
0.00792
0.0052
0.005
0.005
0.00357
0.00873
0.00633
0.0091
0.00775
0.00579
0.0049
0.00507
0.00865
0.00926
0.00926
0.00264
0.00437
0.00308
0.00269
0.00721
0.00529
0.0059
0.00756
0.00883
0.00883
0.00566
0.00721
0.00961
0.00583
0.00564
3.9544E-4
0.00676
0.00694
0.00481
0.00319
0.00481
0.00657
0.00657
0.00657
0.00657
0.00657
0.00657
0.00615
7.6821E-4
0.0079
0.00951
0.00951
0.00951
0.0079
0.00265
0.00651
0.00302
0.00302
0.00302
0.00265
0.00265
0.00265
0.00265
0.00265
0.00986
0.00265
0.00265
0.00949
0.00248
0.00919
0.00972
0.00972
0.00283
0.00283
0.00283
0.00513
0.00789
0.00789
0.00865
0.00865
0.00865
0.00865
0.00865
0.00865
0.00865
0.00865
0.00865
0.00129
0.00718
0.00718
0.00718
0.00189
0.00638
0.00638
0.00189
0.00638
0.00638
0.00638
0.00189
0.00189
0.00189
0.00638
0.00638
0.00189
0.00189
0.00189
0.00576
0.00178
0.00576
0.00189
0.00158
0.00158
0.00158
0.00158
0.00129
0.00158
0.00158
0.00158
0.00638
0.00144
0.00189
0.00576
0.00638
0.00638
0.00638
0.00638
0.00638
0.00638
0.00638
0.00842
0.00842
0.0071
0.00671
0.00671
0.007
0.00629
0.00809
0.00639
0.00639
0.00639
0.00639
0.00639
0.00834
0.00639
0.00834
0.00834
0.00867
0.0026
0.0026
0.00971
0.00308
0.00598
0.00598
0.00839
0.00505
0.00535
0.00918
0.00965
0.00576
0.00576
0.00795
0.00576
0.00576
0.00959
0.0038
0.00878
0.00981
0.00976
0.00989
0.00767
0.0091
0.00887
0.00978
0.00978
0.00949
0.00727
0.00727
0.00727
0.00727
0.00727
0.0073
0.00257
0.00727
0.00257
0.00257
0.00489
0.00201
0.00453
0.00869
0.00269
0.00269
0.00125
0.00704
0.00595
0.00595
0.00904
0.00557
0.00734
0.00543
0.00589
0.00576
0.00663
0.00528
0.00616
0.00543
0.00564
0.00564
0.00564
0.00493
0.00493
0.00493
0.00946
0.00812
0.00759
0.00759
0.00759
0.00759
0.0039
0.00995
0.00673
0.00869
0.00869
0.00699
0.00895
0.00632
0.00535
0.00298
0.00811
0.00298
0.00535
0.00298
0.00535
0.00374
0.00716
0.00716
0.0051
0.00475
0.00967
0.00988
0.00271
0.00271
0.00271
0.00271
0.00271
0.0067
0.00589
0.00125
0.0067
0.00271
0.00271
0.00271
0.00884
0.00741
0.00884
0.00271
0.00271
0.00975
0.00125
0.00448
0.00448
0.0038
0.0038
0.0038
0.0038
0.00248
0.0038
0.0038
0.0038
0.0038
0.0038
0.00996
0.0038
0.00907
0.00907
0.00907
0.00538
0.00538
0.00685
0.00551
0.00551
0.00551
0.00551
0.00521
0.00521
0.00521
0.00521
0.00311
0.00666
0.00687
0.00687
0.00521
0.00538
0.00521
0.00538
0.00824
0.00824
0.00824
0.00519
0.00749
0.00913
0.00699
0.00519
0.00699
0.00699
0.00699
0.00836
0.0062
0.00456
0.00125
0.00915
0.00795
0.00307
0.00883
0.00844
0.00871
0.00576
0.00426
0.00425
0.00864
0.00797
0.00636
0.0086
0.00247
0.00928
0.00247
0.00928
0.00693
0.00888
0.00839
0.00839
0.00838
0.00748
0.00748
0.00938
0.00926
0.00926
0.00926
0.00926
0.00926
0.00926
0.00926
0.00926
0.00926
0.00926
0.00926
0.00926
0.00926
0.00926
0.00926
0.00926
0.00926
0.00926
0.00926
0.00926
0.00926
0.00926
0.00926
0.00919
0.00919
0.00926
0.00729
0.00729
0.00729
0.00818
0.00463
0.00463
0.00463
0.00463
0.00463
0.00463
0.00463
0.00463
0.00463
0.00818
0.00463
0.00463
0.00463
0.00463
0.00463
0.00463
0.00463
0.00191
0.00818
0.00621
0.00576
0.00156
0.00917
0.00463
0.00818
0.00818
0.00818
0.00818
0.00818
0.00463
0.00988
0.00824
0.00921
0.00921
0.00921
0.00921
0.00921
0.00921
0.00921
0.00921
0.00824
0.00824
0.00743
0.00569
0.00603
0.00255
0.00882
0.00882
0.00882
0.00882
0.00882
0.00882
0.00995
0.00819
0.00813
0.00424
0.00765
0.00958
0.00764
0.00333
0.00302
0.0083
0.00565
0.00693
0.00617
0.00617
0.00629
0.00793
0.00241
0.00927
0.00998
0.00571
0.00983
0.00983
0.00478
0.00677
0.00446
0.0088
0.00688
0.0088
0.0029
0.00658
0.00658
0.00658
0.00658
0.00658
0.00658
0.00658
0.00658
0.00658
0.00658
0.00658
0.00658
0.00658
0.00658
0.00658
0.00658
0.00658
0.00658
0.00658
0.00658
0.00658
0.00658
0.00658
0.00658
0.00658
0.00658
0.00658
0.00658
0.00658
0.00658
0.00658
0.00658
0.00658
0.00658
0.00658
0.00658
0.00658
0.00658
0.00658
0.00658
0.00658
0.00658
0.00658
0.00658
0.00658
0.00658
0.00658
0.00658
0.00658
0.00658
0.00658
0.00658
0.00658
0.00658
0.00658
0.00658
0.00658
0.00658
0.00658
0.00658
0.00658
0.00658
0.00658
0.00658
0.00658
0.00658
0.00658
0.00658
0.00658
0.00658
0.00658
0.00883
0.00883
0.00883
0.00955
0.00981
0.00932
0.00932
0.00932
0.00932
0.00608
0.00608
0.00608
0.00608
0.00608
0.00608
0.00608
0.00617
0.00391
0.00886
0.00468
0.00977
0.0039
0.00823
0.0082
0.00518
0.00608
0.00906
0.00883
0.00152
0.00597
0.00597
0.00597
0.00683
0.00979
0.0064
0.0064
0.0064
0.0096
0.00726
0.00213
0.0082
0.0082
0.00969
0.00969
0.00403
0.00403
8.5212E-4
0.00928
0.00247
0.00907
8.3476E-4
0.00797
0.00797
0.00166
0.00345
0.00134
0.00658
0.00658
0.00658
0.00658
0.00658
0.00658
0.00658
0.00355
0.00658
0.0065
0.0077
0.0077
0.00658
0.00658
0.00658
0.00658
0.00658
0.00658
0.00658
0.00202
0.00406
0.00172
0.00109
0.00722
0.00287
0.005
0.00478
0.00478
0.00478
0.00478
0.00478
0.00478
0.00478
0.00478
0.00478
0.00478
0.00478
0.00478
0.00478
0.00467
0.00247
0.00652
0.00673
0.00888
0.00285
0.00555
0.00161
0.00838
0.00838
0.00838
0.00838
0.00346
0.0073
0.0073
0.0073
0.00509
0.00525
0.00509
0.0061
0.00657
0.00865
0.00839
0.00825
0.00421
0.00588
0.00588
0.00588
0.00588
0.00588
0.00588
0.00588
0.00588
0.00588
0.00588
0.00588
0.00588
0.00588
0.00588
0.00265
0.00588
0.00265
0.00265
0.00588
0.00265
0.00588
0.00265
0.00588
0.00588
0.00588
0.00588
0.00588
0.00265
0.00588
0.00265
0.00588
0.00588
0.00588
0.00588
0.00588
0.00588
0.00588
0.00588
0.00588
0.00588
0.00588
0.00588
0.00588
0.00588
0.00588
0.00588
0.00588
0.00588
0.00894
0.00894
0.00732
0.00454
0.00781
0.00255
0.00924
0.0057
0.00968
0.00723
0.00798
0.00798
0.00798
0.00783
0.00783
0.00783
0.00783
0.00783
0.00783
0.00783
0.00907
0.00482
0.00482
0.00482
0.005
0.00353
0.005
0.005
0.00978
0.00756
0.00883
0.00883
0.00965
0.00726
0.00162
0.0094
0.00247
0.00247
0.00964
0.0034
0.00184
0.00189
0.00928
0.00928
0.00981
0.009
0.00655
0.00737
0.00986
0.00896
0.00463
0.00449
0.00695
0.00963
0.00408
0.00795
0.004
0.00795
0.00795
0.00795
0.00199
0.00865
0.00723
0.00723
0.00723
0.00723
0.00723
1.9446E-4
1.9446E-4
1.9446E-4
7.9253E-5
1.9446E-4
5.6922E-4
1.9446E-4
5.6922E-4
0.00928
0.00903
0.00403
0.00403
0.00811
0.00247
0.00247
0.00882
0.00247
0.00133
0.00468
0.00468
0.00997
0.00705
0.00429
0.0016
0.00806
0.00705
0.00866
0.00454
0.00741
0.00683
0.00548
0.00938
0.00247
0.00832
0.00668
0.00298
0.00385
0.00658
0.00658
0.00658
0.00658
0.00658
0.00473
0.00601
0.00629
0.00381
0.00158
0.00755
0.00814
0.00402
0.0094
0.00317
0.00235
0.00699
0.00699
0.00699
0.00699
0.00699
0.00647
0.00699
0.00699
0.00699
0.00394
0.00319
0.0029
0.00699
0.00699
0.00699
0.00647
0.00235
0.00699
0.00699
0.00699
0.00699
0.00699
0.00699
0.00699
0.00699
0.00699
0.00699
0.00699
0.00699
0.00933
0.00758
0.00674
0.00188
0.00618
0.00653
0.00981
0.00981
0.00981
0.00819
0.00378
0.00759
0.00439
0.00412
0.0042
0.00628
0.00251
0.00628
0.00628
0.00962
0.00842
0.00357
0.00723
0.00446
0.0073
0.00632
0.00632
0.00727
0.00657
0.00951
0.00951
0.00951
0.00648
0.00612
0.00109
0.0078
0.00827
0.00695
0.0092
0.00791
0.00577
0.00631
0.00631
0.00631
0.00631
0.0078
0.00733
0.00733
0.00733
0.00685
0.00778
0.00207
0.00207
0.00366
0.00269
0.0089
0.00915
0.00238
0.0089
0.00895
0.0045
0.00743
0.00743
0.00743
0.0075
0.00743
0.00743
0.00743
0.00732
0.00743
0.00743
7.9387E-4
0.00743
0.00743
0.00743
0.00743
0.00743
0.00743
0.00743
0.00743
0.00743
0.00248
0.00743
0.00743
0.00743
7.9387E-4
0.00743
0.00743
0.00743
0.00404
0.00743
0.00743
0.00743
0.00732
0.00743
0.00743
0.0038
0.00732
0.00743
0.00479
0.00978
0.00978
0.00743
0.00743
0.00743
0.00743
0.00743
7.9387E-4
0.00743
0.00743
0.00743
0.00743
0.00743
0.00732
0.00743
0.00732
0.00743
0.00571
0.00732
0.00743
0.00743
0.00743
0.00743
0.00743
0.00743
0.00743
0.00743
0.00743
0.00743
0.00743
0.00732
0.00743
0.00743
0.00743
0.00743
0.00743
0.00743
0.00743
0.00743
0.00743
7.9387E-4
0.00732
0.00732
0.00743
0.00743
0.00732
0.00743
0.00743
0.00743
0.00732
0.00743
0.00571
0.00743
0.00743
0.00743
0.0038
0.00743
0.00743
0.00732
0.00732
0.00732
0.00743
0.00743
0.00743
0.00732
0.00743
0.00743
0.00743
0.00732
0.00743
0.00743
0.00743
0.00743
0.00743
0.00743
0.00743
0.00732
0.00743
0.00743
0.00743
0.00743
7.9387E-4
0.00743
0.00743
0.00743
0.00732
0.00743
0.00976
0.00743
7.9387E-4
0.00743
0.00732
0.00743
0.00732
0.00743
0.00743
0.00743
0.00743
0.00743
0.00732
0.00571
0.00579
0.00274
0.00761
0.00885
0.00911
0.00342
0.0014
0.00342
0.00342
0.00779
0.00652
0.00712
0.00835
0.00662
0.00895
0.00712
0.00464
0.00372
0.00372
0.00718
0.00672
0.00623
0.00672
0.00623
0.00623
0.00623
0.006
0.00623
0.006
0.00742
0.00181
0.00174
0.00174
0.00277
0.00277
0.00891
0.00137
0.00277
0.00488
0.00277
9.5177E-4
0.00277
0.00143
0.00488
0.00793
0.00488
0.00277
0.00278
0.00277
0.00488
0.0088
0.00488
0.00488
0.00277
0.00277
0.00277
0.00884
0.00216
0.00249
0.00776
0.00861
0.00249
0.00861
0.00309
0.00689
0.0032
0.0032
0.00198
0.00309
0.00309
0.00561
0.00198
0.00198
0.00198
0.00197
0.00197
0.00197
0.00197
0.00197
0.00689
0.0046
0.00277
0.00732
0.00689
0.00689
0.00217
0.0046
0.00688
0.00435
0.00593
0.00593
0.00593
0.00593
0.00593
0.00357
0.00688
0.00198
0.00309
0.00593
0.00593
0.00688
0.00688
0.00701
0.00309
0.0019
0.00243
0.00243
0.00726
0.00171
0.00365
0.00447
0.00835
0.00479
0.00367
0.00593
0.00872
0.00873
0.00305
0.00806
0.00806
0.00806
0.00806
0.00806
0.00806
0.00406
0.00806
0.00504
0.00434
0.00982
0.00355
7.7654E-4
0.00882
0.00882
0.00882
0.00882
0.00655
0.00655
0.00655
0.00655
0.00292
0.0038
0.00801
0.00791
0.00156
0.00934
0.00943
0.00712
0.00228
0.00307
0.00825
0.00725
0.00596
0.00562
0.00617
0.00617
0.00946
0.00269
0.00946
0.00269
0.00269
0.00269
0.00269
0.00269
0.00946
0.00341
0.00946
0.00341
0.00341
0.00269
0.00269
0.00269
0.00946
0.00946
0.00341
0.00341
0.00946
0.00946
0.00341
0.00341
0.00341
0.00341
0.00946
0.00269
0.00341
0.00341
0.00341
0.00341
0.00341
0.00341
0.00341
0.00269
0.00946
0.00341
0.00269
0.00946
0.00341
0.00341
0.00946
0.00946
0.00946
0.00341
0.00946
0.00875
0.00368
0.00368
0.00978
0.00257
0.00257
0.00366
0.0032
0.0032
0.00349
0.00349
0.00681
0.00349
0.00467
0.0062
0.00964
0.00937
0.00856
0.00764
0.0058
0.00434
0.0036
0.00925
0.00384
0.00911
0.00384
0.00438
0.00384
0.00384
0.00384
0.00384
0.00602
0.00384
0.00384
0.00384
0.00384
0.00238
0.00841
0.00384
0.00384
0.00384
0.00384
0.00384
0.00238
0.00384
0.00781
0.00384
0.00238
0.00904
0.007
0.00384
0.00384
0.00384
0.00384
0.00384
0.00384
0.00384
0.00679
0.00384
0.00384
0.00384
0.00384
0.00602
0.00384
0.00384
0.00384
0.00384
0.00384
0.00384
0.0077
0.00936
0.00681
0.00681
0.0077
0.00681
0.00681
0.00681
0.00681
0.00681
0.00681
0.00681
0.00681
0.00681
0.00681
0.00681
0.00681
0.00681
0.00681
0.00681
0.0046
0.00681
0.00681
0.00681
0.00681
0.00681
0.00681
0.00681
0.00681
0.00681
0.00678
0.00794
0.00686
0.00787
0.00681
0.00324
0.00324
0.00324
0.00324
0.00324
0.00324
0.00324
0.00324
0.00324
0.0048
0.00324
0.00823
0.00693
0.00693
0.00339
0.00582
0.00864
0.00693
0.00693
0.00693
0.00693
0.0044
0.00456
0.00621
0.00647
0.00647
0.00329
0.00768
0.00792
0.00329
0.00928
0.00792
0.00928
0.00928
0.00329
0.00928
0.00329
0.00329
0.00692
0.00443
0.00443
0.00793
0.007
0.009
0.00984
0.00957
0.00855
0.00279
0.00855
0.00855
0.00855
0.00855
0.00692
0.00914
0.00928
0.00928
0.00698
0.00922
0.00659
0.00659
0.00659
0.00659
0.00659
0.00659
0.00659
0.00659
0.00659
0.00725
0.00659
0.00582
0.00776
0.00776
0.0092
0.00776
0.00582
0.00914
0.00843
0.00736
0.00814
0.00807
0.0023
0.00889
0.00379
0.00295
0.00379
0.00379
0.00889
0.00889
0.00889
0.00889
0.00889
0.00889
0.00889
0.00889
0.00889
0.00889
0.00889
0.00446
0.00446
0.00889
0.00213
0.00446
0.00446
0.00446
0.00446
0.00889
0.00446
0.00753
0.00753
0.00381
0.00619
0.00242
0.00612
0.00644
0.00612
0.00243
0.00628
0.00618
0.00683
0.00653
0.00653
0.00653
0.004
0.004
0.004
0.004
0.004
0.00399
0.00524
0.00524
0.00524
0.00467
0.00738
0.00738
0.00577
0.00738
0.00738
0.00738
0.00869
5.6384E-4
0.00869
0.00869
0.00869
0.00869
0.00226
4.3053E-4
0.00566
0.00646
0.00372
0.00327
0.00894
0.00461
0.00461
0.00461
0.00461
0.00461
0.00461
0.00977
0.00977
0.00758
0.00758
0.00869
0.00891
0.00869
0.00869
0.00869
0.00869
0.00869
0.00869
0.00869
0.00869
0.00869
0.00869
0.00869
0.00896
0.00869
0.00869
0.00869
0.00729
0.00729
0.00901
0.00228
0.00463
0.00463
0.00463
0.00167
0.00463
0.00463
0.00463
0.00463
0.00463
0.00463
0.00463
0.00463
0.00976
0.00463
0.00463
0.00463
0.00463
0.00463
0.00463
0.00463
0.00463
0.00463
0.00463
0.00463
0.00463
0.00362
0.00767
0.00121
0.0081
0.00999
0.0081
0.0081
0.0081
0.00958
0.00931
0.0045
0.0045
0.00239
0.00783
0.00821
0.00828
0.00189
0.00603
0.0099
0.0099
0.00991
0.00991
0.00384
0.00991
0.00991
0.00991
0.00991
0.00192
0.0078
0.00124
0.00428
0.00244
0.00757
0.00856
0.00856
0.00856
0.00712
0.00887
0.00529
0.00401
0.00401
0.00693
0.00401
0.00733
0.00964
0.00864
0.00864
0.00864
0.00864
0.00864
0.00864
0.00864
0.00864
0.00864
0.00864
0.00864
0.00864
0.00864
0.00864
0.00864
0.00864
0.00864
0.00864
0.00864
0.00864
0.00864
0.00864
0.00864
0.00864
0.00864
0.00864
0.00864
0.00864
0.00864
0.00864
0.00839
0.00738
0.00807
0.0097
0.00671
0.00671
0.00533
0.00334
0.00927
0.00927
0.00777
0.00918
0.00476
0.00735
0.00996
0.00996
0.00463
0.0095
0.00365
0.00387
0.00834
0.00834
0.00834
0.00834
0.00834
0.00834
0.00834
0.00834
0.00834
0.00834
0.00275
0.00919
0.00337
0.00809
0.00505
0.00915
0.00988
0.00988
0.00988
0.00988
0.00988
0.00188
0.00188
0.00307
0.00307
0.00307
0.00307
0.00307
0.00307
0.00483
0.00307
0.00307
0.00307
0.00307
0.00307
0.00307
0.00307
0.00706
0.00921
0.00918
0.00918
0.00671
0.00483
0.00483
0.00404
0.00855
0.00857
0.00857
0.00404
0.00404
0.00712
0.00544
0.00544
0.00544
0.00544
0.00544
0.00533
0.00544
0.00532
0.00532
0.00756
0.00943
0.00699
0.00141
0.00721
0.00887
0.00887
0.00887
0.00887
0.00887
0.00887
0.00887
0.00887
0.00887
0.00658
0.00658
0.0077
0.00943
0.00658
0.00567
0.00567
0.00407
0.00407
0.00407
0.00171
0.00982
0.00982
0.00444
0.0085
0.00678
0.00678
0.00516
0.00678
0.00711
0.00678
0.00678
0.00678
0.00678
0.00512
0.00678
0.00678
0.00678
0.00678
0.00678
0.00678
0.00342
0.00678
0.00678
0.00681
0.00678
0.00678
0.00678
0.00678
0.00678
0.00678
0.00678
0.00833
0.01
0.00512
0.00835
0.00869
0.0086
0.00851
0.00928
0.003
0.00741
0.00247
0.00247
0.00247
0.00247
0.00325
0.00759
0.00247
0.00741
0.00937
0.00833
0.0096
0.00613
0.00882
0.00907
0.00925
0.00287
0.00483
0.00398
0.00917
0.00732
0.00732
0.00732
0.00732
0.00732
0.00732
0.00732
0.00732
0.00732
0.00732
0.00732
0.00732
0.00732
0.00732
0.00732
0.00612
0.00295
0.00713
0.00475
0.00726
0.00475
0.00475
0.00659
0.00733
0.00475
0.00518
0.00475
0.00475
0.00475
0.00475
0.00713
0.00475
0.00721
0.00721
0.00524
0.00792
0.00688
0.00801
0.00113
0.00113
0.00113
0.00533
0.00113
0.00975
0.00975
0.006
0.00454
0.00778
0.00555
0.00123
0.00574
0.00841
0.00686
0.00951
0.004
0.00669
0.00899
0.00344
0.00303
0.00257
0.00464
0.00519
0.0097
0.0057
0.00933
0.0078
0.00868
0.00868
0.00868
0.00868
0.00868
0.00868
0.00868
0.00868
0.00868
0.00868
0.00868
0.00868
0.00868
0.00993
0.00868
0.00372
0.00372
0.00868
0.00868
0.00353
0.00685
0.00279
0.00202
0.0015
0.00339
0.00865
0.00718
0.00718
0.00856
0.00789
0.00916
0.00868
0.00877
0.00883
0.00862
0.00304
0.00332
0.00885
0.00861
0.00878
0.00129
0.00468
0.00859
0.00632
0.00269
0.00269
0.00341
0.00341
0.00341
0.00594
0.00961
0.00936
0.00314
0.00868
0.00638
0.00638
0.0071
0.00435
0.00861
0.00606
0.00754
0.00754
0.00503
0.00322
0.00418
0.00418
0.00153
0.00153
0.00153
0.00652
0.00652
0.00652
0.00652
8.8104E-4
0.00328
0.00387
0.0031
0.00331
0.00774
0.00562
0.00562
0.00774
0.00562
0.00612
0.00428
0.00562
0.00774
0.00964
0.00562
0.00562
0.00518
0.00727
0.00368
0.00986
0.00986
0.00435
0.00897
0.00919
0.00469
0.00767
0.00767
0.007
0.007
0.007
0.007
0.007
0.007
0.007
0.007
0.00819
0.00934
0.00934
0.00934
0.00888
0.00295
0.00934
0.00939
0.00939
0.00827
0.00175
0.0089
0.00289
0.00289
0.00289
0.0077
0.0077
0.00705
0.0096
0.00889
0.00889
0.00171
0.00547
0.00547
0.00547
0.00547
0.00524
0.00474
9.7282E-4
0.00271
9.7282E-4
0.00247
0.00898
0.00765
0.00249
0.0053
0.0069
0.00954
0.00921
0.00692
0.00724
0.00724
0.00692
0.00954
0.00954
0.00646
0.00954
0.00954
0.00954
0.00724
0.00964
0.00506
0.00229
0.00985
0.00473
0.00384
0.00384
0.00384
0.00384
0.00384
0.00384
0.00238
0.00685
0.00384
0.00893
0.00893
0.00451
0.00455
0.00445
0.00384
0.00962
0.00709
0.0053
0.001
0.00251
0.00281
0.00654
0.00349
0.00349
0.00349
0.00705
0.00705
0.00708
0.00572
0.00949
0.00949
0.00949
0.00828
0.00651
0.00341
0.00506
0.00506
0.00881
0.00724
0.00527
0.00527
0.00614
0.00747
0.00747
0.00881
0.00367
0.00839
0.00857
0.00319
0.00477
0.0012
0.00274
0.00274
0.00707
0.00836
0.00354
0.00669
0.00547
0.00547
0.00547
0.00452
0.0041
0.0038
0.00517
0.00369
0.00369
0.00912
0.00207
0.00658
0.00658
0.00645
0.00572
0.00488
0.00488
0.00488
0.00166
0.00398
0.00426
0.00426
0.00939
0.00853
0.00868
0.00784
0.00868
0.00868
0.00743
0.00961
0.00249
0.00658
4.8437E-4
0.00366
0.00992
0.00614
0.00388
0.00372
0.00913
0.00494
0.0097
0.00767
0.00808
0.00985
0.00523
0.00621
0.00804
0.00946
0.00946
0.00428
0.00597
0.00597
0.00597
0.00597
0.00597
0.00597
0.00597
0.00597
0.00597
0.00597
0.00597
0.00597
0.00597
0.00597
0.00597
0.00597
0.00597
0.00597
0.00597
0.00597
0.00597
0.00597
0.00597
0.00597
0.00597
0.00597
0.00597
0.00597
0.00597
0.00597
0.00597
0.00597
0.00597
0.00597
0.00597
0.00597
0.00597
0.00597
0.00597
0.00466
0.00597
0.00597
0.00597
0.00597
0.00597
0.00597
0.00597
0.00597
0.00597
0.00597
0.00597
0.00597
0.00771
0.00475
0.00709
0.00505
0.00512
0.00889
0.00889
0.00889
0.00379
0.00889
0.00446
0.00889
0.00379
0.00889
0.00889
0.00698
8.0132E-4
8.757E-4
3.8284E-4
8.757E-4
0.00471
0.00837
0.00925
0.00198
0.00567
0.00934
0.00231
0.00933
0.00483
0.00862
0.00384
0.0026
0.00587
0.0064
0.0064
0.0064
0.0064
0.0064
0.0064
0.0064
0.0064
0.0064
0.0064
0.0064
0.0064
0.0064
0.0064
0.0064
0.00449
0.00449
0.00449
0.00449
0.00449
0.00458
0.00841
0.00641
0.00808
0.00923
0.00224
0.007
0.00939
0.00891
0.00398
0.00176
0.00879
0.00597
0.00699
0.00699
0.00699
0.00699
0.00952
0.00618
0.00618
0.00923
0.0033
0.0033
0.0033
0.00412
0.004
8.1948E-4
1.6667E-4
1.6667E-4
0.00198
0.00198
0.00198
0.00198
0.00198
0.00198
0.00559
0.00559
0.00559
0.00559
0.00559
0.00787
0.00198
0.00198
0.00198
0.00198
0.00198
0.00198
0.00481
0.00481
0.00198
0.00198
0.00198
0.00198
0.00198
0.00198
0.00198
0.00198
0.00198
0.00198
0.00198
0.00198
0.00198
0.00198
0.00462
0.00741
0.00198
0.00198
0.00198
0.00198
0.00198
0.00198
0.00198
0.00198
0.00198
0.00481
0.00198
0.00198
0.00718
0.00198
0.00198
0.00198
0.00198
0.00481
0.00198
0.00198
0.00198
0.00198
0.00198
0.00198
0.00481
0.00198
0.00198
0.00481
0.00481
0.00198
0.00481
0.00207
0.00168
0.00168
0.00481
0.00481
0.00481
0.00198
0.00198
0.00207
0.00175
4.8672E-4
4.8672E-4
4.8672E-4
0.00198
0.00198
0.00718
4.8672E-4
0.00198
0.00198
0.00247
0.00938
0.00591
0.00581
0.0032
0.00597
0.0093
0.00658
0.00299
0.00247
0.00225
0.00523
0.00617
0.00206
0.00617
0.00617
0.00617
0.00278
0.00641
0.00466
0.00466
0.00515
0.00438
0.00226
0.00953
0.00772
0.00852
0.00789
0.00591
0.00721
