0.00452
0.00452
0.00452
0.00452
0.00452
0.00452
0.00452
0.00452
0.00452
0.00452
0.00391
0.00452
0.00452
0.00452
0.00452
0.00452
0.00452
0.00452
0.00452
0.00452
0.00452
0.00452
0.00452
0.00391
0.00387
0.00766
0.00213
0.00213
0.0037
0.00213
0.00757
0.00633
0.00908
0.00908
0.00825
0.00825
0.00926
0.00719
0.00984
0.00797
0.00238
0.0081
0.0049
0.00979
0.00929
0.00561
0.00817
0.00817
0.00721
0.00599
0.00954
0.0039
0.00954
0.00954
0.00545
0.00811
0.00811
0.00811
0.00811
0.00811
0.0024
0.0024
0.00811
0.00811
0.00817
0.00817
0.00817
0.00817
0.00817
0.00817
0.00619
0.00619
0.0092
0.00998
0.00998
0.00998
0.00925
0.00844
0.007
0.007
0.0055
0.0085
0.00872
0.00479
0.00301
0.00213
0.00301
0.00301
0.00301
0.00301
0.00301
0.00338
0.00756
0.00301
0.00691
0.00362
0.00574
0.00301
0.00301
0.00362
0.00362
0.00362
0.00301
0.00213
0.00362
0.00213
0.00574
0.00574
0.00574
0.00213
0.00213
0.00362
0.00362
0.00362
0.00213
0.00362
0.00362
0.00362
0.0075
0.00413
0.00888
0.00914
0.00155
0.00365
0.00579
0.00725
0.00756
0.00301
0.00301
0.00362
0.00519
0.00301
0.00301
0.00301
0.00691
0.00301
0.00573
0.00924
0.00891
0.00686
0.0089
0.00851
0.00887
0.00902
0.00536
0.00136
0.00947
8.6216E-4
6.0272E-4
0.00627
0.00942
0.00751
3.5248E-4
0.00489
6.2959E-4
3.5248E-4
0.00417
0.00489
6.2959E-4
6.2959E-4
6.2959E-4
0.00657
7.2474E-4
0.00757
0.00615
0.007
7.0873E-4
0.0024
8.3442E-4
0.00912
7.095E-4
0.00952
0.00922
0.0041
0.00857
0.00943
0.00602
0.00258
0.00213
0.00602
0.00213
0.00213
0.00213
0.00213
0.00837
0.00751
0.0033
0.00857
0.00975
0.00443
0.00466
0.00317
4.6066E-4
0.00581
0.00926
0.00616
0.00846
0.00502
0.00564
0.00681
0.00623
0.00623
0.00623
0.00922
0.00963
0.00963
0.00963
0.00963
0.0075
0.0075
0.00844
0.0079
0.00981
0.0079
0.00799
0.0095
0.00647
0.00647
0.00322
0.00949
0.00707
0.0064
0.00555
0.00865
0.00547
0.00749
0.00752
0.00822
0.00856
0.00593
0.00593
0.009
0.00603
7.7938E-4
0.00957
0.00846
0.00941
0.00401
0.00986
0.00774
0.00957
0.00363
0.00363
0.00312
0.00312
0.00312
0.00312
0.00312
0.00312
0.00682
0.00957
0.00862
0.00461
0.00195
0.00301
5.8291E-5
0.00301
0.00301
0.00301
0.00689
0.00748
0.00556
0.00915
0.00899
0.00914
0.00948
0.00221
0.00773
0.00973
0.00623
0.00623
0.00944
0.00623
0.00239
0.00289
0.00163
0.00828
0.00828
0.00716
0.00828
0.00828
0.00716
0.00828
0.00828
0.00828
0.00828
0.00826
0.00472
0.0026
0.00528
0.00917
0.00967
0.00967
0.00324
0.008
0.00378
0.0051
0.00482
0.00773
0.00773
0.00558
0.00726
0.00555
0.00882
0.00802
0.00802
5.0108E-4
0.00376
0.00502
0.00401
1.3754E-5
1.3754E-5
0.00455
0.00712
0.00787
0.00712
0.00891
0.00891
0.00891
0.00778
0.00778
0.00727
0.00499
0.00736
0.00889
0.00927
0.00899
0.00779
0.00628
0.00502
0.00751
0.00445
0.00817
0.00998
0.00611
0.00971
0.00971
0.0036
0.00279
0.00924
0.00419
0.00262
0.00662
0.00741
0.00741
0.00741
0.00741
0.00781
0.00762
0.00205
0.00817
0.00565
0.00753
0.00644
0.00704
0.00712
0.00735
0.009
0.00907
0.00739
0.00967
0.00832
0.00832
0.00751
0.00876
0.00779
0.00134
0.00727
0.00855
0.00859
0.00362
0.00743
0.00361
0.00976
0.00633
0.00596
0.00414
0.00168
0.00807
0.00188
0.00188
0.00957
0.00301
0.00188
0.00566
0.00188
0.00188
0.0025
0.00188
0.00188
0.00188
0.00188
0.00188
0.00414
0.00188
0.00188
0.00188
0.00188
0.00213
0.00414
0.00188
0.0025
0.00188
0.00188
0.00188
0.00188
0.00188
0.00188
0.00188
0.00414
0.00188
0.00188
0.00188
0.00188
0.0025
0.00188
0.00188
0.00188
0.00188
0.00414
0.00283
0.00761
0.00414
0.00414
0.00414
0.00807
0.00414
0.00414
0.00414
0.00834
0.00847
0.00188
0.00188
0.00188
0.00188
0.00188
0.00188
0.00188
0.0025
0.00188
0.00188
0.00188
0.00188
0.00188
0.00188
0.0025
0.0025
0.00188
0.00188
0.00188
0.00188
0.00188
0.00188
0.00188
0.00188
0.00188
0.00188
0.00188
0.00188
0.00188
0.00188
0.00188
0.00188
0.00188
0.00188
0.00188
0.00188
0.00483
0.00855
0.00148
0.00148
0.00188
0.00148
0.00148
0.00148
0.00621
0.00621
0.00148
0.00132
0.00132
0.00148
0.00148
0.00716
0.00148
0.00148
0.00881
0.00881
0.00188
0.00188
0.00341
0.00203
0.00203
0.00203
0.00341
0.00203
0.00203
0.00203
0.00203
0.00203
0.00203
0.00371
0.00544
0.00413
0.00413
0.00384
0.00413
0.0043
0.00413
0.00413
0.00413
0.00544
0.00384
0.00718
0.00718
0.00718
0.00718
0.00718
0.00718
0.00507
0.00714
0.00718
0.00718
0.00718
0.00718
0.00718
0.00718
0.00696
0.00718
0.00718
0.00718
0.00718
0.00442
0.00384
0.00384
0.00405
0.00384
0.00384
0.00384
0.00205
0.00405
0.00384
0.0039
0.00384
0.00384
0.00348
0.00617
0.00384
0.00497
0.00405
0.00764
0.00185
0.00912
0.00912
0.00912
0.00912
0.00912
0.00912
0.0089
0.00957
0.00754
0.00734
0.00484
0.00439
0.00629
0.00903
0.00619
0.00937
0.00114
0.00797
0.00645
0.00168
0.00592
0.00384
0.00389
0.00858
0.0069
1.5313E-4
1.5313E-4
0.00844
9.0961E-4
0.00665
0.0094
0.00634
0.00212
0.00726
0.00777
0.00454
0.00396
0.00498
0.00205
0.00631
0.00502
0.00742
0.00291
0.0097
0.00937
0.00147
0.00875
0.00198
0.00958
0.0082
0.0084
0.0084
0.00332
0.00219
0.00557
0.00625
0.00925
0.00213
0.00213
0.00213
0.00213
0.00414
0.00935
0.00508
0.0087
0.00508
0.00139
0.00198
2.6291E-4
2.6291E-4
2.6291E-4
0.00949
0.0048
0.00744
0.00752
0.00889
0.00716
0.00642
0.00395
0.00376
0.00916
0.00709
0.00441
0.00588
0.00397
0.00905
0.0045
0.00491
0.00999
0.00666
0.00947
0.00947
0.00947
0.00947
0.00908
0.00357
0.00905
0.00687
0.00914
0.00809
0.00914
0.00914
0.00914
0.00182
0.00184
0.00308
0.00807
0.00315
0.00315
0.00712
0.00712
0.00368
0.00368
0.00368
0.00368
0.00368
0.00294
0.00368
0.00294
0.00294
0.00368
0.00294
0.00368
0.00294
0.00368
0.00294
0.00294
0.00294
7.8925E-4
0.00379
0.00188
0.00188
0.00188
0.00188
1.7573E-4
0.0025
0.00188
0.00188
0.00188
0.0025
0.00188
0.00188
0.00188
0.00414
0.00478
0.00173
0.00478
0.00759
9.2125E-4
0.00272
9.2125E-4
0.00121
0.00248
0.00305
9.2125E-4
0.00173
0.00715
0.00941
0.00395
0.00452
0.00315
0.00927
0.00927
0.00508
0.0097
0.00213
0.00801
0.00912
0.00888
0.00664
0.00827
0.00447
0.00952
7.8633E-4
0.00789
0.0031
0.00945
0.00807
0.00248
0.00721
0.00958
0.00382
0.00382
0.00423
0.00382
0.00382
0.00482
0.00361
0.00361
0.00468
0.00361
0.00382
0.00524
0.00361
0.00382
0.00361
0.00524
0.00361
0.00361
0.00361
0.00595
0.00795
0.00795
0.00795
0.00296
0.00296
0.00635
0.00635
0.00635
0.00635
0.00635
0.00635
0.00635
0.00635
0.00635
0.00635
0.00958
0.00958
0.00784
0.00851
0.00643
0.00723
0.00723
0.00723
0.00723
0.00723
0.0083
0.00495
0.00689
0.00107
0.00906
0.00499
0.00499
0.00817
0.00817
0.00817
0.00817
0.00817
0.00944
0.00817
0.00817
0.00743
0.00188
0.0025
0.00188
0.0025
0.00556
0.00752
0.0025
0.0025
0.00188
0.00188
0.00648
0.00188
0.00188
0.0025
0.00188
0.0025
0.0025
0.00188
0.00521
0.00188
0.0025
0.00188
0.00188
0.00188
0.00807
0.00188
0.00447
0.00345
0.00286
0.00286
0.00345
5.9659E-4
0.00621
0.00621
0.00345
0.00345
0.00286
0.00345
0.00286
0.00507
0.00447
0.00266
0.00414
0.00414
0.00591
0.00188
0.00188
0.00188
0.00188
0.00188
0.00807
0.00188
0.00188
0.00188
0.00188
0.00188
0.00414
0.00188
0.00188
0.00188
0.00188
0.00188
0.00188
0.0025
0.00825
0.00188
0.00188
0.00188
0.00188
0.00188
0.0025
0.00188
0.00188
0.00188
0.0025
0.00188
0.0025
0.00188
0.0025
0.00188
0.0025
0.00188
0.0025
0.00414
0.0025
0.00188
0.00188
0.0025
0.0025
0.0025
0.0025
0.0025
0.0025
0.00188
0.00188
0.00188
0.00188
0.00188
0.00188
0.00188
0.00188
0.00188
0.00188
0.00188
0.0025
0.00188
0.00188
0.0025
0.0025
0.00188
0.00188
0.00188
0.00188
0.0025
0.00188
0.0025
0.00188
0.00188
0.00188
0.00188
0.0025
0.00188
0.0025
0.0025
0.00188
0.00188
0.0048
0.00414
0.00414
0.00188
0.00188
0.0025
0.00188
0.00188
0.00188
0.00188
0.00414
0.00188
0.00414
0.00807
0.00328
0.00188
0.00307
0.00188
0.00188
0.00188
0.00188
0.00188
0.00188
0.00188
0.00188
0.00188
0.00188
0.00188
0.00188
0.00188
0.0025
0.0025
0.00188
0.00188
0.00414
0.0025
0.00712
0.0025
0.00188
0.00188
0.00188
0.00732
0.00188
0.00188
0.00188
0.00188
0.00188
0.00188
0.00188
0.00188
0.00188
0.00188
0.0025
0.00188
0.00188
0.00188
0.00188
0.00732
0.00188
0.00188
0.00188
1.7573E-4
0.00188
0.0025
0.00188
0.00188
0.00414
0.00285
0.0025
0.00862
3.8663E-4
0.00414
0.00188
0.00243
0.00761
0.00188
0.00893
0.0025
0.00807
0.00414
0.00414
0.00188
0.00188
0.00188
0.0025
0.00188
0.00188
0.00188
0.00465
0.0025
0.00414
0.00414
0.00188
0.00188
0.00188
0.00624
0.00414
0.00188
0.00188
0.00278
0.00414
0.00968
0.00188
0.00188
0.00188
0.00188
0.00188
0.00188
0.00188
0.00188
0.00188
0.00869
0.00188
0.00188
0.00188
0.00188
0.00188
0.00188
0.00188
0.00188
0.00188
0.00188
0.00188
0.00188
0.00188
0.00807
0.00188
0.00414
0.00188
0.00414
0.00188
0.00188
3.1832E-5
0.00414
0.00414
0.00414
0.00188
0.00188
0.00188
0.00188
0.00188
0.00618
0.00264
0.00188
0.00188
0.00188
0.00188
0.00188
0.00414
0.00188
0.00188
0.00188
0.00188
0.00807
0.00188
0.00188
0.00188
0.00188
0.00188
0.00414
0.00188
0.00188
0.00807
0.00188
0.0025
0.0025
0.00188
0.00188
0.00188
0.00188
0.00414
0.00414
0.00188
0.0025
0.00188
0.00188
0.00188
0.00188
0.00188
0.00188
0.00188
0.00188
0.00188
0.00188
0.00188
0.00188
0.00188
0.00807
0.00188
0.00188
0.00188
0.00188
0.00188
0.00188
0.00188
0.00188
0.00188
0.00414
0.00414
0.00188
0.00188
0.00188
0.00188
0.00188
0.00833
0.00188
0.00188
0.00188
0.00188
0.00188
0.00188
0.00188
0.00188
0.00188
0.00188
0.00188
0.0025
0.00188
0.00188
0.00188
0.00188
0.00188
0.00188
0.00188
0.00188
0.00188
0.00188
0.00188
0.00168
0.00188
0.00188
0.00188
0.00188
0.00188
0.00188
0.00188
0.00732
0.00188
0.00188
0.00188
0.0025
0.00414
0.00188
0.00188
0.00188
0.00188
0.00414
0.0025
0.00188
0.00188
0.00188
0.00188
0.00188
0.00188
0.00414
0.00414
0.00521
0.00807
0.0025
0.00188
0.00805
0.00188
0.00188
0.00188
0.00188
0.00188
0.00188
0.00414
0.00414
0.00624
0.00188
0.00188
0.00414
0.00301
0.00959
0.00456
0.00758
0.00935
0.00855
0.00654
0.00527
0.00282
0.00112
0.00974
0.00974
0.00731
0.00916
0.00518
0.00738
0.00469
0.00783
0.00518
0.00792
0.00301
0.00489
0.00834
0.00306
0.00719
0.00827
0.00827
